Chemical species: H2 He Na K TiO H2O
P (bar) | log_H2: -2σ | log_H2: -1σ | log_H2: median | log_H2: +1σ | log_H2: +2σ 
1.00000000e+02 -0.06834337 -0.06827328 -0.06824075 -0.06822183 -0.06821032 
8.11130831e+01 -0.06834337 -0.06827328 -0.06824075 -0.06822183 -0.06821032 
6.57933225e+01 -0.06834337 -0.06827328 -0.06824075 -0.06822183 -0.06821032 
5.33669923e+01 -0.06834337 -0.06827328 -0.06824075 -0.06822183 -0.06821032 
4.32876128e+01 -0.06834337 -0.06827328 -0.06824075 -0.06822183 -0.06821032 
3.51119173e+01 -0.06834337 -0.06827328 -0.06824075 -0.06822183 -0.06821032 
2.84803587e+01 -0.06834337 -0.06827328 -0.06824075 -0.06822183 -0.06821032 
2.31012970e+01 -0.06834337 -0.06827328 -0.06824075 -0.06822183 -0.06821032 
1.87381742e+01 -0.06834337 -0.06827328 -0.06824075 -0.06822183 -0.06821032 
1.51991108e+01 -0.06834337 -0.06827328 -0.06824075 -0.06822183 -0.06821032 
1.23284674e+01 -0.06834337 -0.06827328 -0.06824075 -0.06822183 -0.06821032 
1.00000000e+01 -0.06834337 -0.06827328 -0.06824075 -0.06822183 -0.06821032 
8.11130831e+00 -0.06834337 -0.06827328 -0.06824075 -0.06822183 -0.06821032 
6.57933225e+00 -0.06834337 -0.06827328 -0.06824075 -0.06822183 -0.06821032 
5.33669923e+00 -0.06834337 -0.06827328 -0.06824075 -0.06822183 -0.06821032 
4.32876128e+00 -0.06834337 -0.06827328 -0.06824075 -0.06822183 -0.06821032 
3.51119173e+00 -0.06834337 -0.06827328 -0.06824075 -0.06822183 -0.06821032 
2.84803587e+00 -0.06834337 -0.06827328 -0.06824075 -0.06822183 -0.06821032 
2.31012970e+00 -0.06834337 -0.06827328 -0.06824075 -0.06822183 -0.06821032 
1.87381742e+00 -0.06834337 -0.06827328 -0.06824075 -0.06822183 -0.06821032 
1.51991108e+00 -0.06834337 -0.06827328 -0.06824075 -0.06822183 -0.06821032 
1.23284674e+00 -0.06834337 -0.06827328 -0.06824075 -0.06822183 -0.06821032 
1.00000000e+00 -0.06834337 -0.06827328 -0.06824075 -0.06822183 -0.06821032 
8.11130831e-01 -0.06834337 -0.06827328 -0.06824075 -0.06822183 -0.06821032 
6.57933225e-01 -0.06834337 -0.06827328 -0.06824075 -0.06822183 -0.06821032 
5.33669923e-01 -0.06834337 -0.06827328 -0.06824075 -0.06822183 -0.06821032 
4.32876128e-01 -0.06834337 -0.06827328 -0.06824075 -0.06822183 -0.06821032 
3.51119173e-01 -0.06834337 -0.06827328 -0.06824075 -0.06822183 -0.06821032 
2.84803587e-01 -0.06834337 -0.06827328 -0.06824075 -0.06822183 -0.06821032 
2.31012970e-01 -0.06834337 -0.06827328 -0.06824075 -0.06822183 -0.06821032 
1.87381742e-01 -0.06834337 -0.06827328 -0.06824075 -0.06822183 -0.06821032 
1.51991108e-01 -0.06834337 -0.06827328 -0.06824075 -0.06822183 -0.06821032 
1.23284674e-01 -0.06834337 -0.06827328 -0.06824075 -0.06822183 -0.06821032 
1.00000000e-01 -0.06834337 -0.06827328 -0.06824075 -0.06822183 -0.06821032 
8.11130831e-02 -0.06834337 -0.06827328 -0.06824075 -0.06822183 -0.06821032 
6.57933225e-02 -0.06834337 -0.06827328 -0.06824075 -0.06822183 -0.06821032 
5.33669923e-02 -0.06834337 -0.06827328 -0.06824075 -0.06822183 -0.06821032 
4.32876128e-02 -0.06834337 -0.06827328 -0.06824075 -0.06822183 -0.06821032 
3.51119173e-02 -0.06834337 -0.06827328 -0.06824075 -0.06822183 -0.06821032 
2.84803587e-02 -0.06834337 -0.06827328 -0.06824075 -0.06822183 -0.06821032 
2.31012970e-02 -0.06834337 -0.06827328 -0.06824075 -0.06822183 -0.06821032 
1.87381742e-02 -0.06834337 -0.06827328 -0.06824075 -0.06822183 -0.06821032 
1.51991108e-02 -0.06834337 -0.06827328 -0.06824075 -0.06822183 -0.06821032 
1.23284674e-02 -0.06834337 -0.06827328 -0.06824075 -0.06822183 -0.06821032 
1.00000000e-02 -0.06834337 -0.06827328 -0.06824075 -0.06822183 -0.06821032 
8.11130831e-03 -0.06834337 -0.06827328 -0.06824075 -0.06822183 -0.06821032 
6.57933225e-03 -0.06834337 -0.06827328 -0.06824075 -0.06822183 -0.06821032 
5.33669923e-03 -0.06834337 -0.06827328 -0.06824075 -0.06822183 -0.06821032 
4.32876128e-03 -0.06834337 -0.06827328 -0.06824075 -0.06822183 -0.06821032 
3.51119173e-03 -0.06834337 -0.06827328 -0.06824075 -0.06822183 -0.06821032 
2.84803587e-03 -0.06834337 -0.06827328 -0.06824075 -0.06822183 -0.06821032 
2.31012970e-03 -0.06834337 -0.06827328 -0.06824075 -0.06822183 -0.06821032 
1.87381742e-03 -0.06834337 -0.06827328 -0.06824075 -0.06822183 -0.06821032 
1.51991108e-03 -0.06834337 -0.06827328 -0.06824075 -0.06822183 -0.06821032 
1.23284674e-03 -0.06834337 -0.06827328 -0.06824075 -0.06822183 -0.06821032 
1.00000000e-03 -0.06834337 -0.06827328 -0.06824075 -0.06822183 -0.06821032 
8.11130831e-04 -0.06834337 -0.06827328 -0.06824075 -0.06822183 -0.06821032 
6.57933225e-04 -0.06834337 -0.06827328 -0.06824075 -0.06822183 -0.06821032 
5.33669923e-04 -0.06834337 -0.06827328 -0.06824075 -0.06822183 -0.06821032 
4.32876128e-04 -0.06834337 -0.06827328 -0.06824075 -0.06822183 -0.06821032 
3.51119173e-04 -0.06834337 -0.06827328 -0.06824075 -0.06822183 -0.06821032 
2.84803587e-04 -0.06834337 -0.06827328 -0.06824075 -0.06822183 -0.06821032 
2.31012970e-04 -0.06834337 -0.06827328 -0.06824075 -0.06822183 -0.06821032 
1.87381742e-04 -0.06834337 -0.06827328 -0.06824075 -0.06822183 -0.06821032 
1.51991108e-04 -0.06834337 -0.06827328 -0.06824075 -0.06822183 -0.06821032 
1.23284674e-04 -0.06834337 -0.06827328 -0.06824075 -0.06822183 -0.06821032 
1.00000000e-04 -0.06834337 -0.06827328 -0.06824075 -0.06822183 -0.06821032 
8.11130831e-05 -0.06834337 -0.06827328 -0.06824075 -0.06822183 -0.06821032 
6.57933225e-05 -0.06834337 -0.06827328 -0.06824075 -0.06822183 -0.06821032 
5.33669923e-05 -0.06834337 -0.06827328 -0.06824075 -0.06822183 -0.06821032 
4.32876128e-05 -0.06834337 -0.06827328 -0.06824075 -0.06822183 -0.06821032 
3.51119173e-05 -0.06834337 -0.06827328 -0.06824075 -0.06822183 -0.06821032 
2.84803587e-05 -0.06834337 -0.06827328 -0.06824075 -0.06822183 -0.06821032 
2.31012970e-05 -0.06834337 -0.06827328 -0.06824075 -0.06822183 -0.06821032 
1.87381742e-05 -0.06834337 -0.06827328 -0.06824075 -0.06822183 -0.06821032 
1.51991108e-05 -0.06834337 -0.06827328 -0.06824075 -0.06822183 -0.06821032 
1.23284674e-05 -0.06834337 -0.06827328 -0.06824075 -0.06822183 -0.06821032 
1.00000000e-05 -0.06834337 -0.06827328 -0.06824075 -0.06822183 -0.06821032 
8.11130831e-06 -0.06834337 -0.06827328 -0.06824075 -0.06822183 -0.06821032 
6.57933225e-06 -0.06834337 -0.06827328 -0.06824075 -0.06822183 -0.06821032 
5.33669923e-06 -0.06834337 -0.06827328 -0.06824075 -0.06822183 -0.06821032 
4.32876128e-06 -0.06834337 -0.06827328 -0.06824075 -0.06822183 -0.06821032 
3.51119173e-06 -0.06834337 -0.06827328 -0.06824075 -0.06822183 -0.06821032 
2.84803587e-06 -0.06834337 -0.06827328 -0.06824075 -0.06822183 -0.06821032 
2.31012970e-06 -0.06834337 -0.06827328 -0.06824075 -0.06822183 -0.06821032 
1.87381742e-06 -0.06834337 -0.06827328 -0.06824075 -0.06822183 -0.06821032 
1.51991108e-06 -0.06834337 -0.06827328 -0.06824075 -0.06822183 -0.06821032 
1.23284674e-06 -0.06834337 -0.06827328 -0.06824075 -0.06822183 -0.06821032 
1.00000000e-06 -0.06834337 -0.06827328 -0.06824075 -0.06822183 -0.06821032 
8.11130831e-07 -0.06834337 -0.06827328 -0.06824075 -0.06822183 -0.06821032 
6.57933225e-07 -0.06834337 -0.06827328 -0.06824075 -0.06822183 -0.06821032 
5.33669923e-07 -0.06834337 -0.06827328 -0.06824075 -0.06822183 -0.06821032 
4.32876128e-07 -0.06834337 -0.06827328 -0.06824075 -0.06822183 -0.06821032 
3.51119173e-07 -0.06834337 -0.06827328 -0.06824075 -0.06822183 -0.06821032 
2.84803587e-07 -0.06834337 -0.06827328 -0.06824075 -0.06822183 -0.06821032 
2.31012970e-07 -0.06834337 -0.06827328 -0.06824075 -0.06822183 -0.06821032 
1.87381742e-07 -0.06834337 -0.06827328 -0.06824075 -0.06822183 -0.06821032 
1.51991108e-07 -0.06834337 -0.06827328 -0.06824075 -0.06822183 -0.06821032 
1.23284674e-07 -0.06834337 -0.06827328 -0.06824075 -0.06822183 -0.06821032 
1.00000000e-07 -0.06834337 -0.06827328 -0.06824075 -0.06822183 -0.06821032 
P (bar) | log_He: -2σ | log_He: -1σ | log_He: median | log_He: +1σ | log_He: +2σ 
1.00000000e+02 -0.83789445 -0.83782436 -0.83779183 -0.83777291 -0.83776140 
8.11130831e+01 -0.83789445 -0.83782436 -0.83779183 -0.83777291 -0.83776140 
6.57933225e+01 -0.83789445 -0.83782436 -0.83779183 -0.83777291 -0.83776140 
5.33669923e+01 -0.83789445 -0.83782436 -0.83779183 -0.83777291 -0.83776140 
4.32876128e+01 -0.83789445 -0.83782436 -0.83779183 -0.83777291 -0.83776140 
3.51119173e+01 -0.83789445 -0.83782436 -0.83779183 -0.83777291 -0.83776140 
2.84803587e+01 -0.83789445 -0.83782436 -0.83779183 -0.83777291 -0.83776140 
2.31012970e+01 -0.83789445 -0.83782436 -0.83779183 -0.83777291 -0.83776140 
1.87381742e+01 -0.83789445 -0.83782436 -0.83779183 -0.83777291 -0.83776140 
1.51991108e+01 -0.83789445 -0.83782436 -0.83779183 -0.83777291 -0.83776140 
1.23284674e+01 -0.83789445 -0.83782436 -0.83779183 -0.83777291 -0.83776140 
1.00000000e+01 -0.83789445 -0.83782436 -0.83779183 -0.83777291 -0.83776140 
8.11130831e+00 -0.83789445 -0.83782436 -0.83779183 -0.83777291 -0.83776140 
6.57933225e+00 -0.83789445 -0.83782436 -0.83779183 -0.83777291 -0.83776140 
5.33669923e+00 -0.83789445 -0.83782436 -0.83779183 -0.83777291 -0.83776140 
4.32876128e+00 -0.83789445 -0.83782436 -0.83779183 -0.83777291 -0.83776140 
3.51119173e+00 -0.83789445 -0.83782436 -0.83779183 -0.83777291 -0.83776140 
2.84803587e+00 -0.83789445 -0.83782436 -0.83779183 -0.83777291 -0.83776140 
2.31012970e+00 -0.83789445 -0.83782436 -0.83779183 -0.83777291 -0.83776140 
1.87381742e+00 -0.83789445 -0.83782436 -0.83779183 -0.83777291 -0.83776140 
1.51991108e+00 -0.83789445 -0.83782436 -0.83779183 -0.83777291 -0.83776140 
1.23284674e+00 -0.83789445 -0.83782436 -0.83779183 -0.83777291 -0.83776140 
1.00000000e+00 -0.83789445 -0.83782436 -0.83779183 -0.83777291 -0.83776140 
8.11130831e-01 -0.83789445 -0.83782436 -0.83779183 -0.83777291 -0.83776140 
6.57933225e-01 -0.83789445 -0.83782436 -0.83779183 -0.83777291 -0.83776140 
5.33669923e-01 -0.83789445 -0.83782436 -0.83779183 -0.83777291 -0.83776140 
4.32876128e-01 -0.83789445 -0.83782436 -0.83779183 -0.83777291 -0.83776140 
3.51119173e-01 -0.83789445 -0.83782436 -0.83779183 -0.83777291 -0.83776140 
2.84803587e-01 -0.83789445 -0.83782436 -0.83779183 -0.83777291 -0.83776140 
2.31012970e-01 -0.83789445 -0.83782436 -0.83779183 -0.83777291 -0.83776140 
1.87381742e-01 -0.83789445 -0.83782436 -0.83779183 -0.83777291 -0.83776140 
1.51991108e-01 -0.83789445 -0.83782436 -0.83779183 -0.83777291 -0.83776140 
1.23284674e-01 -0.83789445 -0.83782436 -0.83779183 -0.83777291 -0.83776140 
1.00000000e-01 -0.83789445 -0.83782436 -0.83779183 -0.83777291 -0.83776140 
8.11130831e-02 -0.83789445 -0.83782436 -0.83779183 -0.83777291 -0.83776140 
6.57933225e-02 -0.83789445 -0.83782436 -0.83779183 -0.83777291 -0.83776140 
5.33669923e-02 -0.83789445 -0.83782436 -0.83779183 -0.83777291 -0.83776140 
4.32876128e-02 -0.83789445 -0.83782436 -0.83779183 -0.83777291 -0.83776140 
3.51119173e-02 -0.83789445 -0.83782436 -0.83779183 -0.83777291 -0.83776140 
2.84803587e-02 -0.83789445 -0.83782436 -0.83779183 -0.83777291 -0.83776140 
2.31012970e-02 -0.83789445 -0.83782436 -0.83779183 -0.83777291 -0.83776140 
1.87381742e-02 -0.83789445 -0.83782436 -0.83779183 -0.83777291 -0.83776140 
1.51991108e-02 -0.83789445 -0.83782436 -0.83779183 -0.83777291 -0.83776140 
1.23284674e-02 -0.83789445 -0.83782436 -0.83779183 -0.83777291 -0.83776140 
1.00000000e-02 -0.83789445 -0.83782436 -0.83779183 -0.83777291 -0.83776140 
8.11130831e-03 -0.83789445 -0.83782436 -0.83779183 -0.83777291 -0.83776140 
6.57933225e-03 -0.83789445 -0.83782436 -0.83779183 -0.83777291 -0.83776140 
5.33669923e-03 -0.83789445 -0.83782436 -0.83779183 -0.83777291 -0.83776140 
4.32876128e-03 -0.83789445 -0.83782436 -0.83779183 -0.83777291 -0.83776140 
3.51119173e-03 -0.83789445 -0.83782436 -0.83779183 -0.83777291 -0.83776140 
2.84803587e-03 -0.83789445 -0.83782436 -0.83779183 -0.83777291 -0.83776140 
2.31012970e-03 -0.83789445 -0.83782436 -0.83779183 -0.83777291 -0.83776140 
1.87381742e-03 -0.83789445 -0.83782436 -0.83779183 -0.83777291 -0.83776140 
1.51991108e-03 -0.83789445 -0.83782436 -0.83779183 -0.83777291 -0.83776140 
1.23284674e-03 -0.83789445 -0.83782436 -0.83779183 -0.83777291 -0.83776140 
1.00000000e-03 -0.83789445 -0.83782436 -0.83779183 -0.83777291 -0.83776140 
8.11130831e-04 -0.83789445 -0.83782436 -0.83779183 -0.83777291 -0.83776140 
6.57933225e-04 -0.83789445 -0.83782436 -0.83779183 -0.83777291 -0.83776140 
5.33669923e-04 -0.83789445 -0.83782436 -0.83779183 -0.83777291 -0.83776140 
4.32876128e-04 -0.83789445 -0.83782436 -0.83779183 -0.83777291 -0.83776140 
3.51119173e-04 -0.83789445 -0.83782436 -0.83779183 -0.83777291 -0.83776140 
2.84803587e-04 -0.83789445 -0.83782436 -0.83779183 -0.83777291 -0.83776140 
2.31012970e-04 -0.83789445 -0.83782436 -0.83779183 -0.83777291 -0.83776140 
1.87381742e-04 -0.83789445 -0.83782436 -0.83779183 -0.83777291 -0.83776140 
1.51991108e-04 -0.83789445 -0.83782436 -0.83779183 -0.83777291 -0.83776140 
1.23284674e-04 -0.83789445 -0.83782436 -0.83779183 -0.83777291 -0.83776140 
1.00000000e-04 -0.83789445 -0.83782436 -0.83779183 -0.83777291 -0.83776140 
8.11130831e-05 -0.83789445 -0.83782436 -0.83779183 -0.83777291 -0.83776140 
6.57933225e-05 -0.83789445 -0.83782436 -0.83779183 -0.83777291 -0.83776140 
5.33669923e-05 -0.83789445 -0.83782436 -0.83779183 -0.83777291 -0.83776140 
4.32876128e-05 -0.83789445 -0.83782436 -0.83779183 -0.83777291 -0.83776140 
3.51119173e-05 -0.83789445 -0.83782436 -0.83779183 -0.83777291 -0.83776140 
2.84803587e-05 -0.83789445 -0.83782436 -0.83779183 -0.83777291 -0.83776140 
2.31012970e-05 -0.83789445 -0.83782436 -0.83779183 -0.83777291 -0.83776140 
1.87381742e-05 -0.83789445 -0.83782436 -0.83779183 -0.83777291 -0.83776140 
1.51991108e-05 -0.83789445 -0.83782436 -0.83779183 -0.83777291 -0.83776140 
1.23284674e-05 -0.83789445 -0.83782436 -0.83779183 -0.83777291 -0.83776140 
1.00000000e-05 -0.83789445 -0.83782436 -0.83779183 -0.83777291 -0.83776140 
8.11130831e-06 -0.83789445 -0.83782436 -0.83779183 -0.83777291 -0.83776140 
6.57933225e-06 -0.83789445 -0.83782436 -0.83779183 -0.83777291 -0.83776140 
5.33669923e-06 -0.83789445 -0.83782436 -0.83779183 -0.83777291 -0.83776140 
4.32876128e-06 -0.83789445 -0.83782436 -0.83779183 -0.83777291 -0.83776140 
3.51119173e-06 -0.83789445 -0.83782436 -0.83779183 -0.83777291 -0.83776140 
2.84803587e-06 -0.83789445 -0.83782436 -0.83779183 -0.83777291 -0.83776140 
2.31012970e-06 -0.83789445 -0.83782436 -0.83779183 -0.83777291 -0.83776140 
1.87381742e-06 -0.83789445 -0.83782436 -0.83779183 -0.83777291 -0.83776140 
1.51991108e-06 -0.83789445 -0.83782436 -0.83779183 -0.83777291 -0.83776140 
1.23284674e-06 -0.83789445 -0.83782436 -0.83779183 -0.83777291 -0.83776140 
1.00000000e-06 -0.83789445 -0.83782436 -0.83779183 -0.83777291 -0.83776140 
8.11130831e-07 -0.83789445 -0.83782436 -0.83779183 -0.83777291 -0.83776140 
6.57933225e-07 -0.83789445 -0.83782436 -0.83779183 -0.83777291 -0.83776140 
5.33669923e-07 -0.83789445 -0.83782436 -0.83779183 -0.83777291 -0.83776140 
4.32876128e-07 -0.83789445 -0.83782436 -0.83779183 -0.83777291 -0.83776140 
3.51119173e-07 -0.83789445 -0.83782436 -0.83779183 -0.83777291 -0.83776140 
2.84803587e-07 -0.83789445 -0.83782436 -0.83779183 -0.83777291 -0.83776140 
2.31012970e-07 -0.83789445 -0.83782436 -0.83779183 -0.83777291 -0.83776140 
1.87381742e-07 -0.83789445 -0.83782436 -0.83779183 -0.83777291 -0.83776140 
1.51991108e-07 -0.83789445 -0.83782436 -0.83779183 -0.83777291 -0.83776140 
1.23284674e-07 -0.83789445 -0.83782436 -0.83779183 -0.83777291 -0.83776140 
1.00000000e-07 -0.83789445 -0.83782436 -0.83779183 -0.83777291 -0.83776140 
P (bar) | log_Na: -2σ | log_Na: -1σ | log_Na: median | log_Na: +1σ | log_Na: +2σ 
1.00000000e+02 -6.25420874 -5.92288465 -5.58881226 -5.25596887 -4.90050700 
8.11130831e+01 -6.25420874 -5.92288465 -5.58881226 -5.25596887 -4.90050700 
6.57933225e+01 -6.25420874 -5.92288465 -5.58881226 -5.25596887 -4.90050700 
5.33669923e+01 -6.25420874 -5.92288465 -5.58881226 -5.25596887 -4.90050700 
4.32876128e+01 -6.25420874 -5.92288465 -5.58881226 -5.25596887 -4.90050700 
3.51119173e+01 -6.25420874 -5.92288465 -5.58881226 -5.25596887 -4.90050700 
2.84803587e+01 -6.25420874 -5.92288465 -5.58881226 -5.25596887 -4.90050700 
2.31012970e+01 -6.25420874 -5.92288465 -5.58881226 -5.25596887 -4.90050700 
1.87381742e+01 -6.25420874 -5.92288465 -5.58881226 -5.25596887 -4.90050700 
1.51991108e+01 -6.25420874 -5.92288465 -5.58881226 -5.25596887 -4.90050700 
1.23284674e+01 -6.25420874 -5.92288465 -5.58881226 -5.25596887 -4.90050700 
1.00000000e+01 -6.25420874 -5.92288465 -5.58881226 -5.25596887 -4.90050700 
8.11130831e+00 -6.25420874 -5.92288465 -5.58881226 -5.25596887 -4.90050700 
6.57933225e+00 -6.25420874 -5.92288465 -5.58881226 -5.25596887 -4.90050700 
5.33669923e+00 -6.25420874 -5.92288465 -5.58881226 -5.25596887 -4.90050700 
4.32876128e+00 -6.25420874 -5.92288465 -5.58881226 -5.25596887 -4.90050700 
3.51119173e+00 -6.25420874 -5.92288465 -5.58881226 -5.25596887 -4.90050700 
2.84803587e+00 -6.25420874 -5.92288465 -5.58881226 -5.25596887 -4.90050700 
2.31012970e+00 -6.25420874 -5.92288465 -5.58881226 -5.25596887 -4.90050700 
1.87381742e+00 -6.25420874 -5.92288465 -5.58881226 -5.25596887 -4.90050700 
1.51991108e+00 -6.25420874 -5.92288465 -5.58881226 -5.25596887 -4.90050700 
1.23284674e+00 -6.25420874 -5.92288465 -5.58881226 -5.25596887 -4.90050700 
1.00000000e+00 -6.25420874 -5.92288465 -5.58881226 -5.25596887 -4.90050700 
8.11130831e-01 -6.25420874 -5.92288465 -5.58881226 -5.25596887 -4.90050700 
6.57933225e-01 -6.25420874 -5.92288465 -5.58881226 -5.25596887 -4.90050700 
5.33669923e-01 -6.25420874 -5.92288465 -5.58881226 -5.25596887 -4.90050700 
4.32876128e-01 -6.25420874 -5.92288465 -5.58881226 -5.25596887 -4.90050700 
3.51119173e-01 -6.25420874 -5.92288465 -5.58881226 -5.25596887 -4.90050700 
2.84803587e-01 -6.25420874 -5.92288465 -5.58881226 -5.25596887 -4.90050700 
2.31012970e-01 -6.25420874 -5.92288465 -5.58881226 -5.25596887 -4.90050700 
1.87381742e-01 -6.25420874 -5.92288465 -5.58881226 -5.25596887 -4.90050700 
1.51991108e-01 -6.25420874 -5.92288465 -5.58881226 -5.25596887 -4.90050700 
1.23284674e-01 -6.25420874 -5.92288465 -5.58881226 -5.25596887 -4.90050700 
1.00000000e-01 -6.25420874 -5.92288465 -5.58881226 -5.25596887 -4.90050700 
8.11130831e-02 -6.25420874 -5.92288465 -5.58881226 -5.25596887 -4.90050700 
6.57933225e-02 -6.25420874 -5.92288465 -5.58881226 -5.25596887 -4.90050700 
5.33669923e-02 -6.25420874 -5.92288465 -5.58881226 -5.25596887 -4.90050700 
4.32876128e-02 -6.25420874 -5.92288465 -5.58881226 -5.25596887 -4.90050700 
3.51119173e-02 -6.25420874 -5.92288465 -5.58881226 -5.25596887 -4.90050700 
2.84803587e-02 -6.25420874 -5.92288465 -5.58881226 -5.25596887 -4.90050700 
2.31012970e-02 -6.25420874 -5.92288465 -5.58881226 -5.25596887 -4.90050700 
1.87381742e-02 -6.25420874 -5.92288465 -5.58881226 -5.25596887 -4.90050700 
1.51991108e-02 -6.25420874 -5.92288465 -5.58881226 -5.25596887 -4.90050700 
1.23284674e-02 -6.25420874 -5.92288465 -5.58881226 -5.25596887 -4.90050700 
1.00000000e-02 -6.25420874 -5.92288465 -5.58881226 -5.25596887 -4.90050700 
8.11130831e-03 -6.25420874 -5.92288465 -5.58881226 -5.25596887 -4.90050700 
6.57933225e-03 -6.25420874 -5.92288465 -5.58881226 -5.25596887 -4.90050700 
5.33669923e-03 -6.25420874 -5.92288465 -5.58881226 -5.25596887 -4.90050700 
4.32876128e-03 -6.25420874 -5.92288465 -5.58881226 -5.25596887 -4.90050700 
3.51119173e-03 -6.25420874 -5.92288465 -5.58881226 -5.25596887 -4.90050700 
2.84803587e-03 -6.25420874 -5.92288465 -5.58881226 -5.25596887 -4.90050700 
2.31012970e-03 -6.25420874 -5.92288465 -5.58881226 -5.25596887 -4.90050700 
1.87381742e-03 -6.25420874 -5.92288465 -5.58881226 -5.25596887 -4.90050700 
1.51991108e-03 -6.25420874 -5.92288465 -5.58881226 -5.25596887 -4.90050700 
1.23284674e-03 -6.25420874 -5.92288465 -5.58881226 -5.25596887 -4.90050700 
1.00000000e-03 -6.25420874 -5.92288465 -5.58881226 -5.25596887 -4.90050700 
8.11130831e-04 -6.25420874 -5.92288465 -5.58881226 -5.25596887 -4.90050700 
6.57933225e-04 -6.25420874 -5.92288465 -5.58881226 -5.25596887 -4.90050700 
5.33669923e-04 -6.25420874 -5.92288465 -5.58881226 -5.25596887 -4.90050700 
4.32876128e-04 -6.25420874 -5.92288465 -5.58881226 -5.25596887 -4.90050700 
3.51119173e-04 -6.25420874 -5.92288465 -5.58881226 -5.25596887 -4.90050700 
2.84803587e-04 -6.25420874 -5.92288465 -5.58881226 -5.25596887 -4.90050700 
2.31012970e-04 -6.25420874 -5.92288465 -5.58881226 -5.25596887 -4.90050700 
1.87381742e-04 -6.25420874 -5.92288465 -5.58881226 -5.25596887 -4.90050700 
1.51991108e-04 -6.25420874 -5.92288465 -5.58881226 -5.25596887 -4.90050700 
1.23284674e-04 -6.25420874 -5.92288465 -5.58881226 -5.25596887 -4.90050700 
1.00000000e-04 -6.25420874 -5.92288465 -5.58881226 -5.25596887 -4.90050700 
8.11130831e-05 -6.25420874 -5.92288465 -5.58881226 -5.25596887 -4.90050700 
6.57933225e-05 -6.25420874 -5.92288465 -5.58881226 -5.25596887 -4.90050700 
5.33669923e-05 -6.25420874 -5.92288465 -5.58881226 -5.25596887 -4.90050700 
4.32876128e-05 -6.25420874 -5.92288465 -5.58881226 -5.25596887 -4.90050700 
3.51119173e-05 -6.25420874 -5.92288465 -5.58881226 -5.25596887 -4.90050700 
2.84803587e-05 -6.25420874 -5.92288465 -5.58881226 -5.25596887 -4.90050700 
2.31012970e-05 -6.25420874 -5.92288465 -5.58881226 -5.25596887 -4.90050700 
1.87381742e-05 -6.25420874 -5.92288465 -5.58881226 -5.25596887 -4.90050700 
1.51991108e-05 -6.25420874 -5.92288465 -5.58881226 -5.25596887 -4.90050700 
1.23284674e-05 -6.25420874 -5.92288465 -5.58881226 -5.25596887 -4.90050700 
1.00000000e-05 -6.25420874 -5.92288465 -5.58881226 -5.25596887 -4.90050700 
8.11130831e-06 -6.25420874 -5.92288465 -5.58881226 -5.25596887 -4.90050700 
6.57933225e-06 -6.25420874 -5.92288465 -5.58881226 -5.25596887 -4.90050700 
5.33669923e-06 -6.25420874 -5.92288465 -5.58881226 -5.25596887 -4.90050700 
4.32876128e-06 -6.25420874 -5.92288465 -5.58881226 -5.25596887 -4.90050700 
3.51119173e-06 -6.25420874 -5.92288465 -5.58881226 -5.25596887 -4.90050700 
2.84803587e-06 -6.25420874 -5.92288465 -5.58881226 -5.25596887 -4.90050700 
2.31012970e-06 -6.25420874 -5.92288465 -5.58881226 -5.25596887 -4.90050700 
1.87381742e-06 -6.25420874 -5.92288465 -5.58881226 -5.25596887 -4.90050700 
1.51991108e-06 -6.25420874 -5.92288465 -5.58881226 -5.25596887 -4.90050700 
1.23284674e-06 -6.25420874 -5.92288465 -5.58881226 -5.25596887 -4.90050700 
1.00000000e-06 -6.25420874 -5.92288465 -5.58881226 -5.25596887 -4.90050700 
8.11130831e-07 -6.25420874 -5.92288465 -5.58881226 -5.25596887 -4.90050700 
6.57933225e-07 -6.25420874 -5.92288465 -5.58881226 -5.25596887 -4.90050700 
5.33669923e-07 -6.25420874 -5.92288465 -5.58881226 -5.25596887 -4.90050700 
4.32876128e-07 -6.25420874 -5.92288465 -5.58881226 -5.25596887 -4.90050700 
3.51119173e-07 -6.25420874 -5.92288465 -5.58881226 -5.25596887 -4.90050700 
2.84803587e-07 -6.25420874 -5.92288465 -5.58881226 -5.25596887 -4.90050700 
2.31012970e-07 -6.25420874 -5.92288465 -5.58881226 -5.25596887 -4.90050700 
1.87381742e-07 -6.25420874 -5.92288465 -5.58881226 -5.25596887 -4.90050700 
1.51991108e-07 -6.25420874 -5.92288465 -5.58881226 -5.25596887 -4.90050700 
1.23284674e-07 -6.25420874 -5.92288465 -5.58881226 -5.25596887 -4.90050700 
1.00000000e-07 -6.25420874 -5.92288465 -5.58881226 -5.25596887 -4.90050700 
P (bar) | log_K: -2σ | log_K: -1σ | log_K: median | log_K: +1σ | log_K: +2σ 
1.00000000e+02 -7.74879803 -7.48671384 -7.13995862 -6.78818024 -6.43764351 
8.11130831e+01 -7.74879803 -7.48671384 -7.13995862 -6.78818024 -6.43764351 
6.57933225e+01 -7.74879803 -7.48671384 -7.13995862 -6.78818024 -6.43764351 
5.33669923e+01 -7.74879803 -7.48671384 -7.13995862 -6.78818024 -6.43764351 
4.32876128e+01 -7.74879803 -7.48671384 -7.13995862 -6.78818024 -6.43764351 
3.51119173e+01 -7.74879803 -7.48671384 -7.13995862 -6.78818024 -6.43764351 
2.84803587e+01 -7.74879803 -7.48671384 -7.13995862 -6.78818024 -6.43764351 
2.31012970e+01 -7.74879803 -7.48671384 -7.13995862 -6.78818024 -6.43764351 
1.87381742e+01 -7.74879803 -7.48671384 -7.13995862 -6.78818024 -6.43764351 
1.51991108e+01 -7.74879803 -7.48671384 -7.13995862 -6.78818024 -6.43764351 
1.23284674e+01 -7.74879803 -7.48671384 -7.13995862 -6.78818024 -6.43764351 
1.00000000e+01 -7.74879803 -7.48671384 -7.13995862 -6.78818024 -6.43764351 
8.11130831e+00 -7.74879803 -7.48671384 -7.13995862 -6.78818024 -6.43764351 
6.57933225e+00 -7.74879803 -7.48671384 -7.13995862 -6.78818024 -6.43764351 
5.33669923e+00 -7.74879803 -7.48671384 -7.13995862 -6.78818024 -6.43764351 
4.32876128e+00 -7.74879803 -7.48671384 -7.13995862 -6.78818024 -6.43764351 
3.51119173e+00 -7.74879803 -7.48671384 -7.13995862 -6.78818024 -6.43764351 
2.84803587e+00 -7.74879803 -7.48671384 -7.13995862 -6.78818024 -6.43764351 
2.31012970e+00 -7.74879803 -7.48671384 -7.13995862 -6.78818024 -6.43764351 
1.87381742e+00 -7.74879803 -7.48671384 -7.13995862 -6.78818024 -6.43764351 
1.51991108e+00 -7.74879803 -7.48671384 -7.13995862 -6.78818024 -6.43764351 
1.23284674e+00 -7.74879803 -7.48671384 -7.13995862 -6.78818024 -6.43764351 
1.00000000e+00 -7.74879803 -7.48671384 -7.13995862 -6.78818024 -6.43764351 
8.11130831e-01 -7.74879803 -7.48671384 -7.13995862 -6.78818024 -6.43764351 
6.57933225e-01 -7.74879803 -7.48671384 -7.13995862 -6.78818024 -6.43764351 
5.33669923e-01 -7.74879803 -7.48671384 -7.13995862 -6.78818024 -6.43764351 
4.32876128e-01 -7.74879803 -7.48671384 -7.13995862 -6.78818024 -6.43764351 
3.51119173e-01 -7.74879803 -7.48671384 -7.13995862 -6.78818024 -6.43764351 
2.84803587e-01 -7.74879803 -7.48671384 -7.13995862 -6.78818024 -6.43764351 
2.31012970e-01 -7.74879803 -7.48671384 -7.13995862 -6.78818024 -6.43764351 
1.87381742e-01 -7.74879803 -7.48671384 -7.13995862 -6.78818024 -6.43764351 
1.51991108e-01 -7.74879803 -7.48671384 -7.13995862 -6.78818024 -6.43764351 
1.23284674e-01 -7.74879803 -7.48671384 -7.13995862 -6.78818024 -6.43764351 
1.00000000e-01 -7.74879803 -7.48671384 -7.13995862 -6.78818024 -6.43764351 
8.11130831e-02 -7.74879803 -7.48671384 -7.13995862 -6.78818024 -6.43764351 
6.57933225e-02 -7.74879803 -7.48671384 -7.13995862 -6.78818024 -6.43764351 
5.33669923e-02 -7.74879803 -7.48671384 -7.13995862 -6.78818024 -6.43764351 
4.32876128e-02 -7.74879803 -7.48671384 -7.13995862 -6.78818024 -6.43764351 
3.51119173e-02 -7.74879803 -7.48671384 -7.13995862 -6.78818024 -6.43764351 
2.84803587e-02 -7.74879803 -7.48671384 -7.13995862 -6.78818024 -6.43764351 
2.31012970e-02 -7.74879803 -7.48671384 -7.13995862 -6.78818024 -6.43764351 
1.87381742e-02 -7.74879803 -7.48671384 -7.13995862 -6.78818024 -6.43764351 
1.51991108e-02 -7.74879803 -7.48671384 -7.13995862 -6.78818024 -6.43764351 
1.23284674e-02 -7.74879803 -7.48671384 -7.13995862 -6.78818024 -6.43764351 
1.00000000e-02 -7.74879803 -7.48671384 -7.13995862 -6.78818024 -6.43764351 
8.11130831e-03 -7.74879803 -7.48671384 -7.13995862 -6.78818024 -6.43764351 
6.57933225e-03 -7.74879803 -7.48671384 -7.13995862 -6.78818024 -6.43764351 
5.33669923e-03 -7.74879803 -7.48671384 -7.13995862 -6.78818024 -6.43764351 
4.32876128e-03 -7.74879803 -7.48671384 -7.13995862 -6.78818024 -6.43764351 
3.51119173e-03 -7.74879803 -7.48671384 -7.13995862 -6.78818024 -6.43764351 
2.84803587e-03 -7.74879803 -7.48671384 -7.13995862 -6.78818024 -6.43764351 
2.31012970e-03 -7.74879803 -7.48671384 -7.13995862 -6.78818024 -6.43764351 
1.87381742e-03 -7.74879803 -7.48671384 -7.13995862 -6.78818024 -6.43764351 
1.51991108e-03 -7.74879803 -7.48671384 -7.13995862 -6.78818024 -6.43764351 
1.23284674e-03 -7.74879803 -7.48671384 -7.13995862 -6.78818024 -6.43764351 
1.00000000e-03 -7.74879803 -7.48671384 -7.13995862 -6.78818024 -6.43764351 
8.11130831e-04 -7.74879803 -7.48671384 -7.13995862 -6.78818024 -6.43764351 
6.57933225e-04 -7.74879803 -7.48671384 -7.13995862 -6.78818024 -6.43764351 
5.33669923e-04 -7.74879803 -7.48671384 -7.13995862 -6.78818024 -6.43764351 
4.32876128e-04 -7.74879803 -7.48671384 -7.13995862 -6.78818024 -6.43764351 
3.51119173e-04 -7.74879803 -7.48671384 -7.13995862 -6.78818024 -6.43764351 
2.84803587e-04 -7.74879803 -7.48671384 -7.13995862 -6.78818024 -6.43764351 
2.31012970e-04 -7.74879803 -7.48671384 -7.13995862 -6.78818024 -6.43764351 
1.87381742e-04 -7.74879803 -7.48671384 -7.13995862 -6.78818024 -6.43764351 
1.51991108e-04 -7.74879803 -7.48671384 -7.13995862 -6.78818024 -6.43764351 
1.23284674e-04 -7.74879803 -7.48671384 -7.13995862 -6.78818024 -6.43764351 
1.00000000e-04 -7.74879803 -7.48671384 -7.13995862 -6.78818024 -6.43764351 
8.11130831e-05 -7.74879803 -7.48671384 -7.13995862 -6.78818024 -6.43764351 
6.57933225e-05 -7.74879803 -7.48671384 -7.13995862 -6.78818024 -6.43764351 
5.33669923e-05 -7.74879803 -7.48671384 -7.13995862 -6.78818024 -6.43764351 
4.32876128e-05 -7.74879803 -7.48671384 -7.13995862 -6.78818024 -6.43764351 
3.51119173e-05 -7.74879803 -7.48671384 -7.13995862 -6.78818024 -6.43764351 
2.84803587e-05 -7.74879803 -7.48671384 -7.13995862 -6.78818024 -6.43764351 
2.31012970e-05 -7.74879803 -7.48671384 -7.13995862 -6.78818024 -6.43764351 
1.87381742e-05 -7.74879803 -7.48671384 -7.13995862 -6.78818024 -6.43764351 
1.51991108e-05 -7.74879803 -7.48671384 -7.13995862 -6.78818024 -6.43764351 
1.23284674e-05 -7.74879803 -7.48671384 -7.13995862 -6.78818024 -6.43764351 
1.00000000e-05 -7.74879803 -7.48671384 -7.13995862 -6.78818024 -6.43764351 
8.11130831e-06 -7.74879803 -7.48671384 -7.13995862 -6.78818024 -6.43764351 
6.57933225e-06 -7.74879803 -7.48671384 -7.13995862 -6.78818024 -6.43764351 
5.33669923e-06 -7.74879803 -7.48671384 -7.13995862 -6.78818024 -6.43764351 
4.32876128e-06 -7.74879803 -7.48671384 -7.13995862 -6.78818024 -6.43764351 
3.51119173e-06 -7.74879803 -7.48671384 -7.13995862 -6.78818024 -6.43764351 
2.84803587e-06 -7.74879803 -7.48671384 -7.13995862 -6.78818024 -6.43764351 
2.31012970e-06 -7.74879803 -7.48671384 -7.13995862 -6.78818024 -6.43764351 
1.87381742e-06 -7.74879803 -7.48671384 -7.13995862 -6.78818024 -6.43764351 
1.51991108e-06 -7.74879803 -7.48671384 -7.13995862 -6.78818024 -6.43764351 
1.23284674e-06 -7.74879803 -7.48671384 -7.13995862 -6.78818024 -6.43764351 
1.00000000e-06 -7.74879803 -7.48671384 -7.13995862 -6.78818024 -6.43764351 
8.11130831e-07 -7.74879803 -7.48671384 -7.13995862 -6.78818024 -6.43764351 
6.57933225e-07 -7.74879803 -7.48671384 -7.13995862 -6.78818024 -6.43764351 
5.33669923e-07 -7.74879803 -7.48671384 -7.13995862 -6.78818024 -6.43764351 
4.32876128e-07 -7.74879803 -7.48671384 -7.13995862 -6.78818024 -6.43764351 
3.51119173e-07 -7.74879803 -7.48671384 -7.13995862 -6.78818024 -6.43764351 
2.84803587e-07 -7.74879803 -7.48671384 -7.13995862 -6.78818024 -6.43764351 
2.31012970e-07 -7.74879803 -7.48671384 -7.13995862 -6.78818024 -6.43764351 
1.87381742e-07 -7.74879803 -7.48671384 -7.13995862 -6.78818024 -6.43764351 
1.51991108e-07 -7.74879803 -7.48671384 -7.13995862 -6.78818024 -6.43764351 
1.23284674e-07 -7.74879803 -7.48671384 -7.13995862 -6.78818024 -6.43764351 
1.00000000e-07 -7.74879803 -7.48671384 -7.13995862 -6.78818024 -6.43764351 
P (bar) | log_TiO: -2σ | log_TiO: -1σ | log_TiO: median | log_TiO: +1σ | log_TiO: +2σ 
1.00000000e+02 -11.92421730 -11.49462378 -10.64279222 -9.90710964 -9.48495051 
8.11130831e+01 -11.92421730 -11.49462378 -10.64279222 -9.90710964 -9.48495051 
6.57933225e+01 -11.92421730 -11.49462378 -10.64279222 -9.90710964 -9.48495051 
5.33669923e+01 -11.92421730 -11.49462378 -10.64279222 -9.90710964 -9.48495051 
4.32876128e+01 -11.92421730 -11.49462378 -10.64279222 -9.90710964 -9.48495051 
3.51119173e+01 -11.92421730 -11.49462378 -10.64279222 -9.90710964 -9.48495051 
2.84803587e+01 -11.92421730 -11.49462378 -10.64279222 -9.90710964 -9.48495051 
2.31012970e+01 -11.92421730 -11.49462378 -10.64279222 -9.90710964 -9.48495051 
1.87381742e+01 -11.92421730 -11.49462378 -10.64279222 -9.90710964 -9.48495051 
1.51991108e+01 -11.92421730 -11.49462378 -10.64279222 -9.90710964 -9.48495051 
1.23284674e+01 -11.92421730 -11.49462378 -10.64279222 -9.90710964 -9.48495051 
1.00000000e+01 -11.92421730 -11.49462378 -10.64279222 -9.90710964 -9.48495051 
8.11130831e+00 -11.92421730 -11.49462378 -10.64279222 -9.90710964 -9.48495051 
6.57933225e+00 -11.92421730 -11.49462378 -10.64279222 -9.90710964 -9.48495051 
5.33669923e+00 -11.92421730 -11.49462378 -10.64279222 -9.90710964 -9.48495051 
4.32876128e+00 -11.92421730 -11.49462378 -10.64279222 -9.90710964 -9.48495051 
3.51119173e+00 -11.92421730 -11.49462378 -10.64279222 -9.90710964 -9.48495051 
2.84803587e+00 -11.92421730 -11.49462378 -10.64279222 -9.90710964 -9.48495051 
2.31012970e+00 -11.92421730 -11.49462378 -10.64279222 -9.90710964 -9.48495051 
1.87381742e+00 -11.92421730 -11.49462378 -10.64279222 -9.90710964 -9.48495051 
1.51991108e+00 -11.92421730 -11.49462378 -10.64279222 -9.90710964 -9.48495051 
1.23284674e+00 -11.92421730 -11.49462378 -10.64279222 -9.90710964 -9.48495051 
1.00000000e+00 -11.92421730 -11.49462378 -10.64279222 -9.90710964 -9.48495051 
8.11130831e-01 -11.92421730 -11.49462378 -10.64279222 -9.90710964 -9.48495051 
6.57933225e-01 -11.92421730 -11.49462378 -10.64279222 -9.90710964 -9.48495051 
5.33669923e-01 -11.92421730 -11.49462378 -10.64279222 -9.90710964 -9.48495051 
4.32876128e-01 -11.92421730 -11.49462378 -10.64279222 -9.90710964 -9.48495051 
3.51119173e-01 -11.92421730 -11.49462378 -10.64279222 -9.90710964 -9.48495051 
2.84803587e-01 -11.92421730 -11.49462378 -10.64279222 -9.90710964 -9.48495051 
2.31012970e-01 -11.92421730 -11.49462378 -10.64279222 -9.90710964 -9.48495051 
1.87381742e-01 -11.92421730 -11.49462378 -10.64279222 -9.90710964 -9.48495051 
1.51991108e-01 -11.92421730 -11.49462378 -10.64279222 -9.90710964 -9.48495051 
1.23284674e-01 -11.92421730 -11.49462378 -10.64279222 -9.90710964 -9.48495051 
1.00000000e-01 -11.92421730 -11.49462378 -10.64279222 -9.90710964 -9.48495051 
8.11130831e-02 -11.92421730 -11.49462378 -10.64279222 -9.90710964 -9.48495051 
6.57933225e-02 -11.92421730 -11.49462378 -10.64279222 -9.90710964 -9.48495051 
5.33669923e-02 -11.92421730 -11.49462378 -10.64279222 -9.90710964 -9.48495051 
4.32876128e-02 -11.92421730 -11.49462378 -10.64279222 -9.90710964 -9.48495051 
3.51119173e-02 -11.92421730 -11.49462378 -10.64279222 -9.90710964 -9.48495051 
2.84803587e-02 -11.92421730 -11.49462378 -10.64279222 -9.90710964 -9.48495051 
2.31012970e-02 -11.92421730 -11.49462378 -10.64279222 -9.90710964 -9.48495051 
1.87381742e-02 -11.92421730 -11.49462378 -10.64279222 -9.90710964 -9.48495051 
1.51991108e-02 -11.92421730 -11.49462378 -10.64279222 -9.90710964 -9.48495051 
1.23284674e-02 -11.92421730 -11.49462378 -10.64279222 -9.90710964 -9.48495051 
1.00000000e-02 -11.92421730 -11.49462378 -10.64279222 -9.90710964 -9.48495051 
8.11130831e-03 -11.92421730 -11.49462378 -10.64279222 -9.90710964 -9.48495051 
6.57933225e-03 -11.92421730 -11.49462378 -10.64279222 -9.90710964 -9.48495051 
5.33669923e-03 -11.92421730 -11.49462378 -10.64279222 -9.90710964 -9.48495051 
4.32876128e-03 -11.92421730 -11.49462378 -10.64279222 -9.90710964 -9.48495051 
3.51119173e-03 -11.92421730 -11.49462378 -10.64279222 -9.90710964 -9.48495051 
2.84803587e-03 -11.92421730 -11.49462378 -10.64279222 -9.90710964 -9.48495051 
2.31012970e-03 -11.92421730 -11.49462378 -10.64279222 -9.90710964 -9.48495051 
1.87381742e-03 -11.92421730 -11.49462378 -10.64279222 -9.90710964 -9.48495051 
1.51991108e-03 -11.92421730 -11.49462378 -10.64279222 -9.90710964 -9.48495051 
1.23284674e-03 -11.92421730 -11.49462378 -10.64279222 -9.90710964 -9.48495051 
1.00000000e-03 -11.92421730 -11.49462378 -10.64279222 -9.90710964 -9.48495051 
8.11130831e-04 -11.92421730 -11.49462378 -10.64279222 -9.90710964 -9.48495051 
6.57933225e-04 -11.92421730 -11.49462378 -10.64279222 -9.90710964 -9.48495051 
5.33669923e-04 -11.92421730 -11.49462378 -10.64279222 -9.90710964 -9.48495051 
4.32876128e-04 -11.92421730 -11.49462378 -10.64279222 -9.90710964 -9.48495051 
3.51119173e-04 -11.92421730 -11.49462378 -10.64279222 -9.90710964 -9.48495051 
2.84803587e-04 -11.92421730 -11.49462378 -10.64279222 -9.90710964 -9.48495051 
2.31012970e-04 -11.92421730 -11.49462378 -10.64279222 -9.90710964 -9.48495051 
1.87381742e-04 -11.92421730 -11.49462378 -10.64279222 -9.90710964 -9.48495051 
1.51991108e-04 -11.92421730 -11.49462378 -10.64279222 -9.90710964 -9.48495051 
1.23284674e-04 -11.92421730 -11.49462378 -10.64279222 -9.90710964 -9.48495051 
1.00000000e-04 -11.92421730 -11.49462378 -10.64279222 -9.90710964 -9.48495051 
8.11130831e-05 -11.92421730 -11.49462378 -10.64279222 -9.90710964 -9.48495051 
6.57933225e-05 -11.92421730 -11.49462378 -10.64279222 -9.90710964 -9.48495051 
5.33669923e-05 -11.92421730 -11.49462378 -10.64279222 -9.90710964 -9.48495051 
4.32876128e-05 -11.92421730 -11.49462378 -10.64279222 -9.90710964 -9.48495051 
3.51119173e-05 -11.92421730 -11.49462378 -10.64279222 -9.90710964 -9.48495051 
2.84803587e-05 -11.92421730 -11.49462378 -10.64279222 -9.90710964 -9.48495051 
2.31012970e-05 -11.92421730 -11.49462378 -10.64279222 -9.90710964 -9.48495051 
1.87381742e-05 -11.92421730 -11.49462378 -10.64279222 -9.90710964 -9.48495051 
1.51991108e-05 -11.92421730 -11.49462378 -10.64279222 -9.90710964 -9.48495051 
1.23284674e-05 -11.92421730 -11.49462378 -10.64279222 -9.90710964 -9.48495051 
1.00000000e-05 -11.92421730 -11.49462378 -10.64279222 -9.90710964 -9.48495051 
8.11130831e-06 -11.92421730 -11.49462378 -10.64279222 -9.90710964 -9.48495051 
6.57933225e-06 -11.92421730 -11.49462378 -10.64279222 -9.90710964 -9.48495051 
5.33669923e-06 -11.92421730 -11.49462378 -10.64279222 -9.90710964 -9.48495051 
4.32876128e-06 -11.92421730 -11.49462378 -10.64279222 -9.90710964 -9.48495051 
3.51119173e-06 -11.92421730 -11.49462378 -10.64279222 -9.90710964 -9.48495051 
2.84803587e-06 -11.92421730 -11.49462378 -10.64279222 -9.90710964 -9.48495051 
2.31012970e-06 -11.92421730 -11.49462378 -10.64279222 -9.90710964 -9.48495051 
1.87381742e-06 -11.92421730 -11.49462378 -10.64279222 -9.90710964 -9.48495051 
1.51991108e-06 -11.92421730 -11.49462378 -10.64279222 -9.90710964 -9.48495051 
1.23284674e-06 -11.92421730 -11.49462378 -10.64279222 -9.90710964 -9.48495051 
1.00000000e-06 -11.92421730 -11.49462378 -10.64279222 -9.90710964 -9.48495051 
8.11130831e-07 -11.92421730 -11.49462378 -10.64279222 -9.90710964 -9.48495051 
6.57933225e-07 -11.92421730 -11.49462378 -10.64279222 -9.90710964 -9.48495051 
5.33669923e-07 -11.92421730 -11.49462378 -10.64279222 -9.90710964 -9.48495051 
4.32876128e-07 -11.92421730 -11.49462378 -10.64279222 -9.90710964 -9.48495051 
3.51119173e-07 -11.92421730 -11.49462378 -10.64279222 -9.90710964 -9.48495051 
2.84803587e-07 -11.92421730 -11.49462378 -10.64279222 -9.90710964 -9.48495051 
2.31012970e-07 -11.92421730 -11.49462378 -10.64279222 -9.90710964 -9.48495051 
1.87381742e-07 -11.92421730 -11.49462378 -10.64279222 -9.90710964 -9.48495051 
1.51991108e-07 -11.92421730 -11.49462378 -10.64279222 -9.90710964 -9.48495051 
1.23284674e-07 -11.92421730 -11.49462378 -10.64279222 -9.90710964 -9.48495051 
1.00000000e-07 -11.92421730 -11.49462378 -10.64279222 -9.90710964 -9.48495051 
P (bar) | log_H2O: -2σ | log_H2O: -1σ | log_H2O: median | log_H2O: +1σ | log_H2O: +2σ 
1.00000000e+02 -4.26004148 -4.09032019 -3.91074235 -3.70856244 -3.46179717 
8.11130831e+01 -4.26004148 -4.09032019 -3.91074235 -3.70856244 -3.46179717 
6.57933225e+01 -4.26004148 -4.09032019 -3.91074235 -3.70856244 -3.46179717 
5.33669923e+01 -4.26004148 -4.09032019 -3.91074235 -3.70856244 -3.46179717 
4.32876128e+01 -4.26004148 -4.09032019 -3.91074235 -3.70856244 -3.46179717 
3.51119173e+01 -4.26004148 -4.09032019 -3.91074235 -3.70856244 -3.46179717 
2.84803587e+01 -4.26004148 -4.09032019 -3.91074235 -3.70856244 -3.46179717 
2.31012970e+01 -4.26004148 -4.09032019 -3.91074235 -3.70856244 -3.46179717 
1.87381742e+01 -4.26004148 -4.09032019 -3.91074235 -3.70856244 -3.46179717 
1.51991108e+01 -4.26004148 -4.09032019 -3.91074235 -3.70856244 -3.46179717 
1.23284674e+01 -4.26004148 -4.09032019 -3.91074235 -3.70856244 -3.46179717 
1.00000000e+01 -4.26004148 -4.09032019 -3.91074235 -3.70856244 -3.46179717 
8.11130831e+00 -4.26004148 -4.09032019 -3.91074235 -3.70856244 -3.46179717 
6.57933225e+00 -4.26004148 -4.09032019 -3.91074235 -3.70856244 -3.46179717 
5.33669923e+00 -4.26004148 -4.09032019 -3.91074235 -3.70856244 -3.46179717 
4.32876128e+00 -4.26004148 -4.09032019 -3.91074235 -3.70856244 -3.46179717 
3.51119173e+00 -4.26004148 -4.09032019 -3.91074235 -3.70856244 -3.46179717 
2.84803587e+00 -4.26004148 -4.09032019 -3.91074235 -3.70856244 -3.46179717 
2.31012970e+00 -4.26004148 -4.09032019 -3.91074235 -3.70856244 -3.46179717 
1.87381742e+00 -4.26004148 -4.09032019 -3.91074235 -3.70856244 -3.46179717 
1.51991108e+00 -4.26004148 -4.09032019 -3.91074235 -3.70856244 -3.46179717 
1.23284674e+00 -4.26004148 -4.09032019 -3.91074235 -3.70856244 -3.46179717 
1.00000000e+00 -4.26004148 -4.09032019 -3.91074235 -3.70856244 -3.46179717 
8.11130831e-01 -4.26004148 -4.09032019 -3.91074235 -3.70856244 -3.46179717 
6.57933225e-01 -4.26004148 -4.09032019 -3.91074235 -3.70856244 -3.46179717 
5.33669923e-01 -4.26004148 -4.09032019 -3.91074235 -3.70856244 -3.46179717 
4.32876128e-01 -4.26004148 -4.09032019 -3.91074235 -3.70856244 -3.46179717 
3.51119173e-01 -4.26004148 -4.09032019 -3.91074235 -3.70856244 -3.46179717 
2.84803587e-01 -4.26004148 -4.09032019 -3.91074235 -3.70856244 -3.46179717 
2.31012970e-01 -4.26004148 -4.09032019 -3.91074235 -3.70856244 -3.46179717 
1.87381742e-01 -4.26004148 -4.09032019 -3.91074235 -3.70856244 -3.46179717 
1.51991108e-01 -4.26004148 -4.09032019 -3.91074235 -3.70856244 -3.46179717 
1.23284674e-01 -4.26004148 -4.09032019 -3.91074235 -3.70856244 -3.46179717 
1.00000000e-01 -4.26004148 -4.09032019 -3.91074235 -3.70856244 -3.46179717 
8.11130831e-02 -4.26004148 -4.09032019 -3.91074235 -3.70856244 -3.46179717 
6.57933225e-02 -4.26004148 -4.09032019 -3.91074235 -3.70856244 -3.46179717 
5.33669923e-02 -4.26004148 -4.09032019 -3.91074235 -3.70856244 -3.46179717 
4.32876128e-02 -4.26004148 -4.09032019 -3.91074235 -3.70856244 -3.46179717 
3.51119173e-02 -4.26004148 -4.09032019 -3.91074235 -3.70856244 -3.46179717 
2.84803587e-02 -4.26004148 -4.09032019 -3.91074235 -3.70856244 -3.46179717 
2.31012970e-02 -4.26004148 -4.09032019 -3.91074235 -3.70856244 -3.46179717 
1.87381742e-02 -4.26004148 -4.09032019 -3.91074235 -3.70856244 -3.46179717 
1.51991108e-02 -4.26004148 -4.09032019 -3.91074235 -3.70856244 -3.46179717 
1.23284674e-02 -4.26004148 -4.09032019 -3.91074235 -3.70856244 -3.46179717 
1.00000000e-02 -4.26004148 -4.09032019 -3.91074235 -3.70856244 -3.46179717 
8.11130831e-03 -4.26004148 -4.09032019 -3.91074235 -3.70856244 -3.46179717 
6.57933225e-03 -4.26004148 -4.09032019 -3.91074235 -3.70856244 -3.46179717 
5.33669923e-03 -4.26004148 -4.09032019 -3.91074235 -3.70856244 -3.46179717 
4.32876128e-03 -4.26004148 -4.09032019 -3.91074235 -3.70856244 -3.46179717 
3.51119173e-03 -4.26004148 -4.09032019 -3.91074235 -3.70856244 -3.46179717 
2.84803587e-03 -4.26004148 -4.09032019 -3.91074235 -3.70856244 -3.46179717 
2.31012970e-03 -4.26004148 -4.09032019 -3.91074235 -3.70856244 -3.46179717 
1.87381742e-03 -4.26004148 -4.09032019 -3.91074235 -3.70856244 -3.46179717 
1.51991108e-03 -4.26004148 -4.09032019 -3.91074235 -3.70856244 -3.46179717 
1.23284674e-03 -4.26004148 -4.09032019 -3.91074235 -3.70856244 -3.46179717 
1.00000000e-03 -4.26004148 -4.09032019 -3.91074235 -3.70856244 -3.46179717 
8.11130831e-04 -4.26004148 -4.09032019 -3.91074235 -3.70856244 -3.46179717 
6.57933225e-04 -4.26004148 -4.09032019 -3.91074235 -3.70856244 -3.46179717 
5.33669923e-04 -4.26004148 -4.09032019 -3.91074235 -3.70856244 -3.46179717 
4.32876128e-04 -4.26004148 -4.09032019 -3.91074235 -3.70856244 -3.46179717 
3.51119173e-04 -4.26004148 -4.09032019 -3.91074235 -3.70856244 -3.46179717 
2.84803587e-04 -4.26004148 -4.09032019 -3.91074235 -3.70856244 -3.46179717 
2.31012970e-04 -4.26004148 -4.09032019 -3.91074235 -3.70856244 -3.46179717 
1.87381742e-04 -4.26004148 -4.09032019 -3.91074235 -3.70856244 -3.46179717 
1.51991108e-04 -4.26004148 -4.09032019 -3.91074235 -3.70856244 -3.46179717 
1.23284674e-04 -4.26004148 -4.09032019 -3.91074235 -3.70856244 -3.46179717 
1.00000000e-04 -4.26004148 -4.09032019 -3.91074235 -3.70856244 -3.46179717 
8.11130831e-05 -4.26004148 -4.09032019 -3.91074235 -3.70856244 -3.46179717 
6.57933225e-05 -4.26004148 -4.09032019 -3.91074235 -3.70856244 -3.46179717 
5.33669923e-05 -4.26004148 -4.09032019 -3.91074235 -3.70856244 -3.46179717 
4.32876128e-05 -4.26004148 -4.09032019 -3.91074235 -3.70856244 -3.46179717 
3.51119173e-05 -4.26004148 -4.09032019 -3.91074235 -3.70856244 -3.46179717 
2.84803587e-05 -4.26004148 -4.09032019 -3.91074235 -3.70856244 -3.46179717 
2.31012970e-05 -4.26004148 -4.09032019 -3.91074235 -3.70856244 -3.46179717 
1.87381742e-05 -4.26004148 -4.09032019 -3.91074235 -3.70856244 -3.46179717 
1.51991108e-05 -4.26004148 -4.09032019 -3.91074235 -3.70856244 -3.46179717 
1.23284674e-05 -4.26004148 -4.09032019 -3.91074235 -3.70856244 -3.46179717 
1.00000000e-05 -4.26004148 -4.09032019 -3.91074235 -3.70856244 -3.46179717 
8.11130831e-06 -4.26004148 -4.09032019 -3.91074235 -3.70856244 -3.46179717 
6.57933225e-06 -4.26004148 -4.09032019 -3.91074235 -3.70856244 -3.46179717 
5.33669923e-06 -4.26004148 -4.09032019 -3.91074235 -3.70856244 -3.46179717 
4.32876128e-06 -4.26004148 -4.09032019 -3.91074235 -3.70856244 -3.46179717 
3.51119173e-06 -4.26004148 -4.09032019 -3.91074235 -3.70856244 -3.46179717 
2.84803587e-06 -4.26004148 -4.09032019 -3.91074235 -3.70856244 -3.46179717 
2.31012970e-06 -4.26004148 -4.09032019 -3.91074235 -3.70856244 -3.46179717 
1.87381742e-06 -4.26004148 -4.09032019 -3.91074235 -3.70856244 -3.46179717 
1.51991108e-06 -4.26004148 -4.09032019 -3.91074235 -3.70856244 -3.46179717 
1.23284674e-06 -4.26004148 -4.09032019 -3.91074235 -3.70856244 -3.46179717 
1.00000000e-06 -4.26004148 -4.09032019 -3.91074235 -3.70856244 -3.46179717 
8.11130831e-07 -4.26004148 -4.09032019 -3.91074235 -3.70856244 -3.46179717 
6.57933225e-07 -4.26004148 -4.09032019 -3.91074235 -3.70856244 -3.46179717 
5.33669923e-07 -4.26004148 -4.09032019 -3.91074235 -3.70856244 -3.46179717 
4.32876128e-07 -4.26004148 -4.09032019 -3.91074235 -3.70856244 -3.46179717 
3.51119173e-07 -4.26004148 -4.09032019 -3.91074235 -3.70856244 -3.46179717 
2.84803587e-07 -4.26004148 -4.09032019 -3.91074235 -3.70856244 -3.46179717 
2.31012970e-07 -4.26004148 -4.09032019 -3.91074235 -3.70856244 -3.46179717 
1.87381742e-07 -4.26004148 -4.09032019 -3.91074235 -3.70856244 -3.46179717 
1.51991108e-07 -4.26004148 -4.09032019 -3.91074235 -3.70856244 -3.46179717 
1.23284674e-07 -4.26004148 -4.09032019 -3.91074235 -3.70856244 -3.46179717 
1.00000000e-07 -4.26004148 -4.09032019 -3.91074235 -3.70856244 -3.46179717 
