Chemical species: H2 He Na K TiO
P (bar) | log_H2: -2σ | log_H2: -1σ | log_H2: median | log_H2: +1σ | log_H2: +2σ 
1.00000000e+02 -0.16095971 -0.15487655 -0.14144414 -0.11134113 -0.10674802 
8.11130831e+01 -0.16095971 -0.15487655 -0.14144414 -0.11134113 -0.10674802 
6.57933225e+01 -0.16095971 -0.15487655 -0.14144414 -0.11134113 -0.10674802 
5.33669923e+01 -0.16095971 -0.15487655 -0.14144414 -0.11134113 -0.10674802 
4.32876128e+01 -0.16095971 -0.15487655 -0.14144414 -0.11134113 -0.10674802 
3.51119173e+01 -0.16095971 -0.15487655 -0.14144414 -0.11134113 -0.10674802 
2.84803587e+01 -0.16095971 -0.15487655 -0.14144414 -0.11134113 -0.10674802 
2.31012970e+01 -0.16095971 -0.15487655 -0.14144414 -0.11134113 -0.10674802 
1.87381742e+01 -0.16095971 -0.15487655 -0.14144414 -0.11134113 -0.10674802 
1.51991108e+01 -0.16095971 -0.15487655 -0.14144414 -0.11134113 -0.10674802 
1.23284674e+01 -0.16095971 -0.15487655 -0.14144414 -0.11134113 -0.10674802 
1.00000000e+01 -0.16095971 -0.15487655 -0.14144414 -0.11134113 -0.10674802 
8.11130831e+00 -0.16095971 -0.15487655 -0.14144414 -0.11134113 -0.10674802 
6.57933225e+00 -0.16095971 -0.15487655 -0.14144414 -0.11134113 -0.10674802 
5.33669923e+00 -0.16095971 -0.15487655 -0.14144414 -0.11134113 -0.10674802 
4.32876128e+00 -0.16095971 -0.15487655 -0.14144414 -0.11134113 -0.10674802 
3.51119173e+00 -0.16095971 -0.15487655 -0.14144414 -0.11134113 -0.10674802 
2.84803587e+00 -0.16095971 -0.15487655 -0.14144414 -0.11134113 -0.10674802 
2.31012970e+00 -0.16095971 -0.15487655 -0.14144414 -0.11134113 -0.10674802 
1.87381742e+00 -0.16095971 -0.15487655 -0.14144414 -0.11134113 -0.10674802 
1.51991108e+00 -0.16095971 -0.15487655 -0.14144414 -0.11134113 -0.10674802 
1.23284674e+00 -0.16095971 -0.15487655 -0.14144414 -0.11134113 -0.10674802 
1.00000000e+00 -0.16095971 -0.15487655 -0.14144414 -0.11134113 -0.10674802 
8.11130831e-01 -0.16095971 -0.15487655 -0.14144414 -0.11134113 -0.10674802 
6.57933225e-01 -0.16095971 -0.15487655 -0.14144414 -0.11134113 -0.10674802 
5.33669923e-01 -0.16095971 -0.15487655 -0.14144414 -0.11134113 -0.10674802 
4.32876128e-01 -0.16095971 -0.15487655 -0.14144414 -0.11134113 -0.10674802 
3.51119173e-01 -0.16095971 -0.15487655 -0.14144414 -0.11134113 -0.10674802 
2.84803587e-01 -0.16095971 -0.15487655 -0.14144414 -0.11134113 -0.10674802 
2.31012970e-01 -0.16095971 -0.15487655 -0.14144414 -0.11134113 -0.10674802 
1.87381742e-01 -0.16095971 -0.15487655 -0.14144414 -0.11134113 -0.10674802 
1.51991108e-01 -0.16095971 -0.15487655 -0.14144414 -0.11134113 -0.10674802 
1.23284674e-01 -0.16095971 -0.15487655 -0.14144414 -0.11134113 -0.10674802 
1.00000000e-01 -0.16095971 -0.15487655 -0.14144414 -0.11134113 -0.10674802 
8.11130831e-02 -0.16095971 -0.15487655 -0.14144414 -0.11134113 -0.10674802 
6.57933225e-02 -0.16095971 -0.15487655 -0.14144414 -0.11134113 -0.10674802 
5.33669923e-02 -0.16095971 -0.15487655 -0.14144414 -0.11134113 -0.10674802 
4.32876128e-02 -0.16095971 -0.15487655 -0.14144414 -0.11134113 -0.10674802 
3.51119173e-02 -0.16095971 -0.15487655 -0.14144414 -0.11134113 -0.10674802 
2.84803587e-02 -0.16095971 -0.15487655 -0.14144414 -0.11134113 -0.10674802 
2.31012970e-02 -0.16095971 -0.15487655 -0.14144414 -0.11134113 -0.10674802 
1.87381742e-02 -0.16095971 -0.15487655 -0.14144414 -0.11134113 -0.10674802 
1.51991108e-02 -0.16095971 -0.15487655 -0.14144414 -0.11134113 -0.10674802 
1.23284674e-02 -0.16095971 -0.15487655 -0.14144414 -0.11134113 -0.10674802 
1.00000000e-02 -0.16095971 -0.15487655 -0.14144414 -0.11134113 -0.10674802 
8.11130831e-03 -0.16095971 -0.15487655 -0.14144414 -0.11134113 -0.10674802 
6.57933225e-03 -0.16095971 -0.15487655 -0.14144414 -0.11134113 -0.10674802 
5.33669923e-03 -0.16095971 -0.15487655 -0.14144414 -0.11134113 -0.10674802 
4.32876128e-03 -0.16095971 -0.15487655 -0.14144414 -0.11134113 -0.10674802 
3.51119173e-03 -0.16095971 -0.15487655 -0.14144414 -0.11134113 -0.10674802 
2.84803587e-03 -0.16095971 -0.15487655 -0.14144414 -0.11134113 -0.10674802 
2.31012970e-03 -0.16095971 -0.15487655 -0.14144414 -0.11134113 -0.10674802 
1.87381742e-03 -0.16095971 -0.15487655 -0.14144414 -0.11134113 -0.10674802 
1.51991108e-03 -0.16095971 -0.15487655 -0.14144414 -0.11134113 -0.10674802 
1.23284674e-03 -0.16095971 -0.15487655 -0.14144414 -0.11134113 -0.10674802 
1.00000000e-03 -0.16095971 -0.15487655 -0.14144414 -0.11134113 -0.10674802 
8.11130831e-04 -0.16095971 -0.15487655 -0.14144414 -0.11134113 -0.10674802 
6.57933225e-04 -0.16095971 -0.15487655 -0.14144414 -0.11134113 -0.10674802 
5.33669923e-04 -0.16095971 -0.15487655 -0.14144414 -0.11134113 -0.10674802 
4.32876128e-04 -0.16095971 -0.15487655 -0.14144414 -0.11134113 -0.10674802 
3.51119173e-04 -0.16095971 -0.15487655 -0.14144414 -0.11134113 -0.10674802 
2.84803587e-04 -0.16095971 -0.15487655 -0.14144414 -0.11134113 -0.10674802 
2.31012970e-04 -0.16095971 -0.15487655 -0.14144414 -0.11134113 -0.10674802 
1.87381742e-04 -0.16095971 -0.15487655 -0.14144414 -0.11134113 -0.10674802 
1.51991108e-04 -0.16095971 -0.15487655 -0.14144414 -0.11134113 -0.10674802 
1.23284674e-04 -0.16095971 -0.15487655 -0.14144414 -0.11134113 -0.10674802 
1.00000000e-04 -0.16095971 -0.15487655 -0.14144414 -0.11134113 -0.10674802 
8.11130831e-05 -0.16095971 -0.15487655 -0.14144414 -0.11134113 -0.10674802 
6.57933225e-05 -0.16095971 -0.15487655 -0.14144414 -0.11134113 -0.10674802 
5.33669923e-05 -0.16095971 -0.15487655 -0.14144414 -0.11134113 -0.10674802 
4.32876128e-05 -0.16095971 -0.15487655 -0.14144414 -0.11134113 -0.10674802 
3.51119173e-05 -0.16095971 -0.15487655 -0.14144414 -0.11134113 -0.10674802 
2.84803587e-05 -0.16095971 -0.15487655 -0.14144414 -0.11134113 -0.10674802 
2.31012970e-05 -0.16095971 -0.15487655 -0.14144414 -0.11134113 -0.10674802 
1.87381742e-05 -0.16095971 -0.15487655 -0.14144414 -0.11134113 -0.10674802 
1.51991108e-05 -0.16095971 -0.15487655 -0.14144414 -0.11134113 -0.10674802 
1.23284674e-05 -0.16095971 -0.15487655 -0.14144414 -0.11134113 -0.10674802 
1.00000000e-05 -0.16095971 -0.15487655 -0.14144414 -0.11134113 -0.10674802 
8.11130831e-06 -0.16095971 -0.15487655 -0.14144414 -0.11134113 -0.10674802 
6.57933225e-06 -0.16095971 -0.15487655 -0.14144414 -0.11134113 -0.10674802 
5.33669923e-06 -0.16095971 -0.15487655 -0.14144414 -0.11134113 -0.10674802 
4.32876128e-06 -0.16095971 -0.15487655 -0.14144414 -0.11134113 -0.10674802 
3.51119173e-06 -0.16095971 -0.15487655 -0.14144414 -0.11134113 -0.10674802 
2.84803587e-06 -0.16095971 -0.15487655 -0.14144414 -0.11134113 -0.10674802 
2.31012970e-06 -0.16095971 -0.15487655 -0.14144414 -0.11134113 -0.10674802 
1.87381742e-06 -0.16095971 -0.15487655 -0.14144414 -0.11134113 -0.10674802 
1.51991108e-06 -0.16095971 -0.15487655 -0.14144414 -0.11134113 -0.10674802 
1.23284674e-06 -0.16095971 -0.15487655 -0.14144414 -0.11134113 -0.10674802 
1.00000000e-06 -0.16095971 -0.15487655 -0.14144414 -0.11134113 -0.10674802 
8.11130831e-07 -0.16095971 -0.15487655 -0.14144414 -0.11134113 -0.10674802 
6.57933225e-07 -0.16095971 -0.15487655 -0.14144414 -0.11134113 -0.10674802 
5.33669923e-07 -0.16095971 -0.15487655 -0.14144414 -0.11134113 -0.10674802 
4.32876128e-07 -0.16095971 -0.15487655 -0.14144414 -0.11134113 -0.10674802 
3.51119173e-07 -0.16095971 -0.15487655 -0.14144414 -0.11134113 -0.10674802 
2.84803587e-07 -0.16095971 -0.15487655 -0.14144414 -0.11134113 -0.10674802 
2.31012970e-07 -0.16095971 -0.15487655 -0.14144414 -0.11134113 -0.10674802 
1.87381742e-07 -0.16095971 -0.15487655 -0.14144414 -0.11134113 -0.10674802 
1.51991108e-07 -0.16095971 -0.15487655 -0.14144414 -0.11134113 -0.10674802 
1.23284674e-07 -0.16095971 -0.15487655 -0.14144414 -0.11134113 -0.10674802 
1.00000000e-07 -0.16095971 -0.15487655 -0.14144414 -0.11134113 -0.10674802 
P (bar) | log_He: -2σ | log_He: -1σ | log_He: median | log_He: +1σ | log_He: +2σ 
1.00000000e+02 -0.93051079 -0.92442763 -0.91099522 -0.88089221 -0.87629910 
8.11130831e+01 -0.93051079 -0.92442763 -0.91099522 -0.88089221 -0.87629910 
6.57933225e+01 -0.93051079 -0.92442763 -0.91099522 -0.88089221 -0.87629910 
5.33669923e+01 -0.93051079 -0.92442763 -0.91099522 -0.88089221 -0.87629910 
4.32876128e+01 -0.93051079 -0.92442763 -0.91099522 -0.88089221 -0.87629910 
3.51119173e+01 -0.93051079 -0.92442763 -0.91099522 -0.88089221 -0.87629910 
2.84803587e+01 -0.93051079 -0.92442763 -0.91099522 -0.88089221 -0.87629910 
2.31012970e+01 -0.93051079 -0.92442763 -0.91099522 -0.88089221 -0.87629910 
1.87381742e+01 -0.93051079 -0.92442763 -0.91099522 -0.88089221 -0.87629910 
1.51991108e+01 -0.93051079 -0.92442763 -0.91099522 -0.88089221 -0.87629910 
1.23284674e+01 -0.93051079 -0.92442763 -0.91099522 -0.88089221 -0.87629910 
1.00000000e+01 -0.93051079 -0.92442763 -0.91099522 -0.88089221 -0.87629910 
8.11130831e+00 -0.93051079 -0.92442763 -0.91099522 -0.88089221 -0.87629910 
6.57933225e+00 -0.93051079 -0.92442763 -0.91099522 -0.88089221 -0.87629910 
5.33669923e+00 -0.93051079 -0.92442763 -0.91099522 -0.88089221 -0.87629910 
4.32876128e+00 -0.93051079 -0.92442763 -0.91099522 -0.88089221 -0.87629910 
3.51119173e+00 -0.93051079 -0.92442763 -0.91099522 -0.88089221 -0.87629910 
2.84803587e+00 -0.93051079 -0.92442763 -0.91099522 -0.88089221 -0.87629910 
2.31012970e+00 -0.93051079 -0.92442763 -0.91099522 -0.88089221 -0.87629910 
1.87381742e+00 -0.93051079 -0.92442763 -0.91099522 -0.88089221 -0.87629910 
1.51991108e+00 -0.93051079 -0.92442763 -0.91099522 -0.88089221 -0.87629910 
1.23284674e+00 -0.93051079 -0.92442763 -0.91099522 -0.88089221 -0.87629910 
1.00000000e+00 -0.93051079 -0.92442763 -0.91099522 -0.88089221 -0.87629910 
8.11130831e-01 -0.93051079 -0.92442763 -0.91099522 -0.88089221 -0.87629910 
6.57933225e-01 -0.93051079 -0.92442763 -0.91099522 -0.88089221 -0.87629910 
5.33669923e-01 -0.93051079 -0.92442763 -0.91099522 -0.88089221 -0.87629910 
4.32876128e-01 -0.93051079 -0.92442763 -0.91099522 -0.88089221 -0.87629910 
3.51119173e-01 -0.93051079 -0.92442763 -0.91099522 -0.88089221 -0.87629910 
2.84803587e-01 -0.93051079 -0.92442763 -0.91099522 -0.88089221 -0.87629910 
2.31012970e-01 -0.93051079 -0.92442763 -0.91099522 -0.88089221 -0.87629910 
1.87381742e-01 -0.93051079 -0.92442763 -0.91099522 -0.88089221 -0.87629910 
1.51991108e-01 -0.93051079 -0.92442763 -0.91099522 -0.88089221 -0.87629910 
1.23284674e-01 -0.93051079 -0.92442763 -0.91099522 -0.88089221 -0.87629910 
1.00000000e-01 -0.93051079 -0.92442763 -0.91099522 -0.88089221 -0.87629910 
8.11130831e-02 -0.93051079 -0.92442763 -0.91099522 -0.88089221 -0.87629910 
6.57933225e-02 -0.93051079 -0.92442763 -0.91099522 -0.88089221 -0.87629910 
5.33669923e-02 -0.93051079 -0.92442763 -0.91099522 -0.88089221 -0.87629910 
4.32876128e-02 -0.93051079 -0.92442763 -0.91099522 -0.88089221 -0.87629910 
3.51119173e-02 -0.93051079 -0.92442763 -0.91099522 -0.88089221 -0.87629910 
2.84803587e-02 -0.93051079 -0.92442763 -0.91099522 -0.88089221 -0.87629910 
2.31012970e-02 -0.93051079 -0.92442763 -0.91099522 -0.88089221 -0.87629910 
1.87381742e-02 -0.93051079 -0.92442763 -0.91099522 -0.88089221 -0.87629910 
1.51991108e-02 -0.93051079 -0.92442763 -0.91099522 -0.88089221 -0.87629910 
1.23284674e-02 -0.93051079 -0.92442763 -0.91099522 -0.88089221 -0.87629910 
1.00000000e-02 -0.93051079 -0.92442763 -0.91099522 -0.88089221 -0.87629910 
8.11130831e-03 -0.93051079 -0.92442763 -0.91099522 -0.88089221 -0.87629910 
6.57933225e-03 -0.93051079 -0.92442763 -0.91099522 -0.88089221 -0.87629910 
5.33669923e-03 -0.93051079 -0.92442763 -0.91099522 -0.88089221 -0.87629910 
4.32876128e-03 -0.93051079 -0.92442763 -0.91099522 -0.88089221 -0.87629910 
3.51119173e-03 -0.93051079 -0.92442763 -0.91099522 -0.88089221 -0.87629910 
2.84803587e-03 -0.93051079 -0.92442763 -0.91099522 -0.88089221 -0.87629910 
2.31012970e-03 -0.93051079 -0.92442763 -0.91099522 -0.88089221 -0.87629910 
1.87381742e-03 -0.93051079 -0.92442763 -0.91099522 -0.88089221 -0.87629910 
1.51991108e-03 -0.93051079 -0.92442763 -0.91099522 -0.88089221 -0.87629910 
1.23284674e-03 -0.93051079 -0.92442763 -0.91099522 -0.88089221 -0.87629910 
1.00000000e-03 -0.93051079 -0.92442763 -0.91099522 -0.88089221 -0.87629910 
8.11130831e-04 -0.93051079 -0.92442763 -0.91099522 -0.88089221 -0.87629910 
6.57933225e-04 -0.93051079 -0.92442763 -0.91099522 -0.88089221 -0.87629910 
5.33669923e-04 -0.93051079 -0.92442763 -0.91099522 -0.88089221 -0.87629910 
4.32876128e-04 -0.93051079 -0.92442763 -0.91099522 -0.88089221 -0.87629910 
3.51119173e-04 -0.93051079 -0.92442763 -0.91099522 -0.88089221 -0.87629910 
2.84803587e-04 -0.93051079 -0.92442763 -0.91099522 -0.88089221 -0.87629910 
2.31012970e-04 -0.93051079 -0.92442763 -0.91099522 -0.88089221 -0.87629910 
1.87381742e-04 -0.93051079 -0.92442763 -0.91099522 -0.88089221 -0.87629910 
1.51991108e-04 -0.93051079 -0.92442763 -0.91099522 -0.88089221 -0.87629910 
1.23284674e-04 -0.93051079 -0.92442763 -0.91099522 -0.88089221 -0.87629910 
1.00000000e-04 -0.93051079 -0.92442763 -0.91099522 -0.88089221 -0.87629910 
8.11130831e-05 -0.93051079 -0.92442763 -0.91099522 -0.88089221 -0.87629910 
6.57933225e-05 -0.93051079 -0.92442763 -0.91099522 -0.88089221 -0.87629910 
5.33669923e-05 -0.93051079 -0.92442763 -0.91099522 -0.88089221 -0.87629910 
4.32876128e-05 -0.93051079 -0.92442763 -0.91099522 -0.88089221 -0.87629910 
3.51119173e-05 -0.93051079 -0.92442763 -0.91099522 -0.88089221 -0.87629910 
2.84803587e-05 -0.93051079 -0.92442763 -0.91099522 -0.88089221 -0.87629910 
2.31012970e-05 -0.93051079 -0.92442763 -0.91099522 -0.88089221 -0.87629910 
1.87381742e-05 -0.93051079 -0.92442763 -0.91099522 -0.88089221 -0.87629910 
1.51991108e-05 -0.93051079 -0.92442763 -0.91099522 -0.88089221 -0.87629910 
1.23284674e-05 -0.93051079 -0.92442763 -0.91099522 -0.88089221 -0.87629910 
1.00000000e-05 -0.93051079 -0.92442763 -0.91099522 -0.88089221 -0.87629910 
8.11130831e-06 -0.93051079 -0.92442763 -0.91099522 -0.88089221 -0.87629910 
6.57933225e-06 -0.93051079 -0.92442763 -0.91099522 -0.88089221 -0.87629910 
5.33669923e-06 -0.93051079 -0.92442763 -0.91099522 -0.88089221 -0.87629910 
4.32876128e-06 -0.93051079 -0.92442763 -0.91099522 -0.88089221 -0.87629910 
3.51119173e-06 -0.93051079 -0.92442763 -0.91099522 -0.88089221 -0.87629910 
2.84803587e-06 -0.93051079 -0.92442763 -0.91099522 -0.88089221 -0.87629910 
2.31012970e-06 -0.93051079 -0.92442763 -0.91099522 -0.88089221 -0.87629910 
1.87381742e-06 -0.93051079 -0.92442763 -0.91099522 -0.88089221 -0.87629910 
1.51991108e-06 -0.93051079 -0.92442763 -0.91099522 -0.88089221 -0.87629910 
1.23284674e-06 -0.93051079 -0.92442763 -0.91099522 -0.88089221 -0.87629910 
1.00000000e-06 -0.93051079 -0.92442763 -0.91099522 -0.88089221 -0.87629910 
8.11130831e-07 -0.93051079 -0.92442763 -0.91099522 -0.88089221 -0.87629910 
6.57933225e-07 -0.93051079 -0.92442763 -0.91099522 -0.88089221 -0.87629910 
5.33669923e-07 -0.93051079 -0.92442763 -0.91099522 -0.88089221 -0.87629910 
4.32876128e-07 -0.93051079 -0.92442763 -0.91099522 -0.88089221 -0.87629910 
3.51119173e-07 -0.93051079 -0.92442763 -0.91099522 -0.88089221 -0.87629910 
2.84803587e-07 -0.93051079 -0.92442763 -0.91099522 -0.88089221 -0.87629910 
2.31012970e-07 -0.93051079 -0.92442763 -0.91099522 -0.88089221 -0.87629910 
1.87381742e-07 -0.93051079 -0.92442763 -0.91099522 -0.88089221 -0.87629910 
1.51991108e-07 -0.93051079 -0.92442763 -0.91099522 -0.88089221 -0.87629910 
1.23284674e-07 -0.93051079 -0.92442763 -0.91099522 -0.88089221 -0.87629910 
1.00000000e-07 -0.93051079 -0.92442763 -0.91099522 -0.88089221 -0.87629910 
P (bar) | log_Na: -2σ | log_Na: -1σ | log_Na: median | log_Na: +1σ | log_Na: +2σ 
1.00000000e+02 -1.38101026 -1.12851972 -1.03833141 -1.01000634 -1.00175409 
8.11130831e+01 -1.38101026 -1.12851972 -1.03833141 -1.01000634 -1.00175409 
6.57933225e+01 -1.38101026 -1.12851972 -1.03833141 -1.01000634 -1.00175409 
5.33669923e+01 -1.38101026 -1.12851972 -1.03833141 -1.01000634 -1.00175409 
4.32876128e+01 -1.38101026 -1.12851972 -1.03833141 -1.01000634 -1.00175409 
3.51119173e+01 -1.38101026 -1.12851972 -1.03833141 -1.01000634 -1.00175409 
2.84803587e+01 -1.38101026 -1.12851972 -1.03833141 -1.01000634 -1.00175409 
2.31012970e+01 -1.38101026 -1.12851972 -1.03833141 -1.01000634 -1.00175409 
1.87381742e+01 -1.38101026 -1.12851972 -1.03833141 -1.01000634 -1.00175409 
1.51991108e+01 -1.38101026 -1.12851972 -1.03833141 -1.01000634 -1.00175409 
1.23284674e+01 -1.38101026 -1.12851972 -1.03833141 -1.01000634 -1.00175409 
1.00000000e+01 -1.38101026 -1.12851972 -1.03833141 -1.01000634 -1.00175409 
8.11130831e+00 -1.38101026 -1.12851972 -1.03833141 -1.01000634 -1.00175409 
6.57933225e+00 -1.38101026 -1.12851972 -1.03833141 -1.01000634 -1.00175409 
5.33669923e+00 -1.38101026 -1.12851972 -1.03833141 -1.01000634 -1.00175409 
4.32876128e+00 -1.38101026 -1.12851972 -1.03833141 -1.01000634 -1.00175409 
3.51119173e+00 -1.38101026 -1.12851972 -1.03833141 -1.01000634 -1.00175409 
2.84803587e+00 -1.38101026 -1.12851972 -1.03833141 -1.01000634 -1.00175409 
2.31012970e+00 -1.38101026 -1.12851972 -1.03833141 -1.01000634 -1.00175409 
1.87381742e+00 -1.38101026 -1.12851972 -1.03833141 -1.01000634 -1.00175409 
1.51991108e+00 -1.38101026 -1.12851972 -1.03833141 -1.01000634 -1.00175409 
1.23284674e+00 -1.38101026 -1.12851972 -1.03833141 -1.01000634 -1.00175409 
1.00000000e+00 -1.38101026 -1.12851972 -1.03833141 -1.01000634 -1.00175409 
8.11130831e-01 -1.38101026 -1.12851972 -1.03833141 -1.01000634 -1.00175409 
6.57933225e-01 -1.38101026 -1.12851972 -1.03833141 -1.01000634 -1.00175409 
5.33669923e-01 -1.38101026 -1.12851972 -1.03833141 -1.01000634 -1.00175409 
4.32876128e-01 -1.38101026 -1.12851972 -1.03833141 -1.01000634 -1.00175409 
3.51119173e-01 -1.38101026 -1.12851972 -1.03833141 -1.01000634 -1.00175409 
2.84803587e-01 -1.38101026 -1.12851972 -1.03833141 -1.01000634 -1.00175409 
2.31012970e-01 -1.38101026 -1.12851972 -1.03833141 -1.01000634 -1.00175409 
1.87381742e-01 -1.38101026 -1.12851972 -1.03833141 -1.01000634 -1.00175409 
1.51991108e-01 -1.38101026 -1.12851972 -1.03833141 -1.01000634 -1.00175409 
1.23284674e-01 -1.38101026 -1.12851972 -1.03833141 -1.01000634 -1.00175409 
1.00000000e-01 -1.38101026 -1.12851972 -1.03833141 -1.01000634 -1.00175409 
8.11130831e-02 -1.38101026 -1.12851972 -1.03833141 -1.01000634 -1.00175409 
6.57933225e-02 -1.38101026 -1.12851972 -1.03833141 -1.01000634 -1.00175409 
5.33669923e-02 -1.38101026 -1.12851972 -1.03833141 -1.01000634 -1.00175409 
4.32876128e-02 -1.38101026 -1.12851972 -1.03833141 -1.01000634 -1.00175409 
3.51119173e-02 -1.38101026 -1.12851972 -1.03833141 -1.01000634 -1.00175409 
2.84803587e-02 -1.38101026 -1.12851972 -1.03833141 -1.01000634 -1.00175409 
2.31012970e-02 -1.38101026 -1.12851972 -1.03833141 -1.01000634 -1.00175409 
1.87381742e-02 -1.38101026 -1.12851972 -1.03833141 -1.01000634 -1.00175409 
1.51991108e-02 -1.38101026 -1.12851972 -1.03833141 -1.01000634 -1.00175409 
1.23284674e-02 -1.38101026 -1.12851972 -1.03833141 -1.01000634 -1.00175409 
1.00000000e-02 -1.38101026 -1.12851972 -1.03833141 -1.01000634 -1.00175409 
8.11130831e-03 -1.38101026 -1.12851972 -1.03833141 -1.01000634 -1.00175409 
6.57933225e-03 -1.38101026 -1.12851972 -1.03833141 -1.01000634 -1.00175409 
5.33669923e-03 -1.38101026 -1.12851972 -1.03833141 -1.01000634 -1.00175409 
4.32876128e-03 -1.38101026 -1.12851972 -1.03833141 -1.01000634 -1.00175409 
3.51119173e-03 -1.38101026 -1.12851972 -1.03833141 -1.01000634 -1.00175409 
2.84803587e-03 -1.38101026 -1.12851972 -1.03833141 -1.01000634 -1.00175409 
2.31012970e-03 -1.38101026 -1.12851972 -1.03833141 -1.01000634 -1.00175409 
1.87381742e-03 -1.38101026 -1.12851972 -1.03833141 -1.01000634 -1.00175409 
1.51991108e-03 -1.38101026 -1.12851972 -1.03833141 -1.01000634 -1.00175409 
1.23284674e-03 -1.38101026 -1.12851972 -1.03833141 -1.01000634 -1.00175409 
1.00000000e-03 -1.38101026 -1.12851972 -1.03833141 -1.01000634 -1.00175409 
8.11130831e-04 -1.38101026 -1.12851972 -1.03833141 -1.01000634 -1.00175409 
6.57933225e-04 -1.38101026 -1.12851972 -1.03833141 -1.01000634 -1.00175409 
5.33669923e-04 -1.38101026 -1.12851972 -1.03833141 -1.01000634 -1.00175409 
4.32876128e-04 -1.38101026 -1.12851972 -1.03833141 -1.01000634 -1.00175409 
3.51119173e-04 -1.38101026 -1.12851972 -1.03833141 -1.01000634 -1.00175409 
2.84803587e-04 -1.38101026 -1.12851972 -1.03833141 -1.01000634 -1.00175409 
2.31012970e-04 -1.38101026 -1.12851972 -1.03833141 -1.01000634 -1.00175409 
1.87381742e-04 -1.38101026 -1.12851972 -1.03833141 -1.01000634 -1.00175409 
1.51991108e-04 -1.38101026 -1.12851972 -1.03833141 -1.01000634 -1.00175409 
1.23284674e-04 -1.38101026 -1.12851972 -1.03833141 -1.01000634 -1.00175409 
1.00000000e-04 -1.38101026 -1.12851972 -1.03833141 -1.01000634 -1.00175409 
8.11130831e-05 -1.38101026 -1.12851972 -1.03833141 -1.01000634 -1.00175409 
6.57933225e-05 -1.38101026 -1.12851972 -1.03833141 -1.01000634 -1.00175409 
5.33669923e-05 -1.38101026 -1.12851972 -1.03833141 -1.01000634 -1.00175409 
4.32876128e-05 -1.38101026 -1.12851972 -1.03833141 -1.01000634 -1.00175409 
3.51119173e-05 -1.38101026 -1.12851972 -1.03833141 -1.01000634 -1.00175409 
2.84803587e-05 -1.38101026 -1.12851972 -1.03833141 -1.01000634 -1.00175409 
2.31012970e-05 -1.38101026 -1.12851972 -1.03833141 -1.01000634 -1.00175409 
1.87381742e-05 -1.38101026 -1.12851972 -1.03833141 -1.01000634 -1.00175409 
1.51991108e-05 -1.38101026 -1.12851972 -1.03833141 -1.01000634 -1.00175409 
1.23284674e-05 -1.38101026 -1.12851972 -1.03833141 -1.01000634 -1.00175409 
1.00000000e-05 -1.38101026 -1.12851972 -1.03833141 -1.01000634 -1.00175409 
8.11130831e-06 -1.38101026 -1.12851972 -1.03833141 -1.01000634 -1.00175409 
6.57933225e-06 -1.38101026 -1.12851972 -1.03833141 -1.01000634 -1.00175409 
5.33669923e-06 -1.38101026 -1.12851972 -1.03833141 -1.01000634 -1.00175409 
4.32876128e-06 -1.38101026 -1.12851972 -1.03833141 -1.01000634 -1.00175409 
3.51119173e-06 -1.38101026 -1.12851972 -1.03833141 -1.01000634 -1.00175409 
2.84803587e-06 -1.38101026 -1.12851972 -1.03833141 -1.01000634 -1.00175409 
2.31012970e-06 -1.38101026 -1.12851972 -1.03833141 -1.01000634 -1.00175409 
1.87381742e-06 -1.38101026 -1.12851972 -1.03833141 -1.01000634 -1.00175409 
1.51991108e-06 -1.38101026 -1.12851972 -1.03833141 -1.01000634 -1.00175409 
1.23284674e-06 -1.38101026 -1.12851972 -1.03833141 -1.01000634 -1.00175409 
1.00000000e-06 -1.38101026 -1.12851972 -1.03833141 -1.01000634 -1.00175409 
8.11130831e-07 -1.38101026 -1.12851972 -1.03833141 -1.01000634 -1.00175409 
6.57933225e-07 -1.38101026 -1.12851972 -1.03833141 -1.01000634 -1.00175409 
5.33669923e-07 -1.38101026 -1.12851972 -1.03833141 -1.01000634 -1.00175409 
4.32876128e-07 -1.38101026 -1.12851972 -1.03833141 -1.01000634 -1.00175409 
3.51119173e-07 -1.38101026 -1.12851972 -1.03833141 -1.01000634 -1.00175409 
2.84803587e-07 -1.38101026 -1.12851972 -1.03833141 -1.01000634 -1.00175409 
2.31012970e-07 -1.38101026 -1.12851972 -1.03833141 -1.01000634 -1.00175409 
1.87381742e-07 -1.38101026 -1.12851972 -1.03833141 -1.01000634 -1.00175409 
1.51991108e-07 -1.38101026 -1.12851972 -1.03833141 -1.01000634 -1.00175409 
1.23284674e-07 -1.38101026 -1.12851972 -1.03833141 -1.01000634 -1.00175409 
1.00000000e-07 -1.38101026 -1.12851972 -1.03833141 -1.01000634 -1.00175409 
P (bar) | log_K: -2σ | log_K: -1σ | log_K: median | log_K: +1σ | log_K: +2σ 
1.00000000e+02 -10.44233442 -5.46260921 -1.11869248 -1.02460808 -1.00435029 
8.11130831e+01 -10.44233442 -5.46260921 -1.11869248 -1.02460808 -1.00435029 
6.57933225e+01 -10.44233442 -5.46260921 -1.11869248 -1.02460808 -1.00435029 
5.33669923e+01 -10.44233442 -5.46260921 -1.11869248 -1.02460808 -1.00435029 
4.32876128e+01 -10.44233442 -5.46260921 -1.11869248 -1.02460808 -1.00435029 
3.51119173e+01 -10.44233442 -5.46260921 -1.11869248 -1.02460808 -1.00435029 
2.84803587e+01 -10.44233442 -5.46260921 -1.11869248 -1.02460808 -1.00435029 
2.31012970e+01 -10.44233442 -5.46260921 -1.11869248 -1.02460808 -1.00435029 
1.87381742e+01 -10.44233442 -5.46260921 -1.11869248 -1.02460808 -1.00435029 
1.51991108e+01 -10.44233442 -5.46260921 -1.11869248 -1.02460808 -1.00435029 
1.23284674e+01 -10.44233442 -5.46260921 -1.11869248 -1.02460808 -1.00435029 
1.00000000e+01 -10.44233442 -5.46260921 -1.11869248 -1.02460808 -1.00435029 
8.11130831e+00 -10.44233442 -5.46260921 -1.11869248 -1.02460808 -1.00435029 
6.57933225e+00 -10.44233442 -5.46260921 -1.11869248 -1.02460808 -1.00435029 
5.33669923e+00 -10.44233442 -5.46260921 -1.11869248 -1.02460808 -1.00435029 
4.32876128e+00 -10.44233442 -5.46260921 -1.11869248 -1.02460808 -1.00435029 
3.51119173e+00 -10.44233442 -5.46260921 -1.11869248 -1.02460808 -1.00435029 
2.84803587e+00 -10.44233442 -5.46260921 -1.11869248 -1.02460808 -1.00435029 
2.31012970e+00 -10.44233442 -5.46260921 -1.11869248 -1.02460808 -1.00435029 
1.87381742e+00 -10.44233442 -5.46260921 -1.11869248 -1.02460808 -1.00435029 
1.51991108e+00 -10.44233442 -5.46260921 -1.11869248 -1.02460808 -1.00435029 
1.23284674e+00 -10.44233442 -5.46260921 -1.11869248 -1.02460808 -1.00435029 
1.00000000e+00 -10.44233442 -5.46260921 -1.11869248 -1.02460808 -1.00435029 
8.11130831e-01 -10.44233442 -5.46260921 -1.11869248 -1.02460808 -1.00435029 
6.57933225e-01 -10.44233442 -5.46260921 -1.11869248 -1.02460808 -1.00435029 
5.33669923e-01 -10.44233442 -5.46260921 -1.11869248 -1.02460808 -1.00435029 
4.32876128e-01 -10.44233442 -5.46260921 -1.11869248 -1.02460808 -1.00435029 
3.51119173e-01 -10.44233442 -5.46260921 -1.11869248 -1.02460808 -1.00435029 
2.84803587e-01 -10.44233442 -5.46260921 -1.11869248 -1.02460808 -1.00435029 
2.31012970e-01 -10.44233442 -5.46260921 -1.11869248 -1.02460808 -1.00435029 
1.87381742e-01 -10.44233442 -5.46260921 -1.11869248 -1.02460808 -1.00435029 
1.51991108e-01 -10.44233442 -5.46260921 -1.11869248 -1.02460808 -1.00435029 
1.23284674e-01 -10.44233442 -5.46260921 -1.11869248 -1.02460808 -1.00435029 
1.00000000e-01 -10.44233442 -5.46260921 -1.11869248 -1.02460808 -1.00435029 
8.11130831e-02 -10.44233442 -5.46260921 -1.11869248 -1.02460808 -1.00435029 
6.57933225e-02 -10.44233442 -5.46260921 -1.11869248 -1.02460808 -1.00435029 
5.33669923e-02 -10.44233442 -5.46260921 -1.11869248 -1.02460808 -1.00435029 
4.32876128e-02 -10.44233442 -5.46260921 -1.11869248 -1.02460808 -1.00435029 
3.51119173e-02 -10.44233442 -5.46260921 -1.11869248 -1.02460808 -1.00435029 
2.84803587e-02 -10.44233442 -5.46260921 -1.11869248 -1.02460808 -1.00435029 
2.31012970e-02 -10.44233442 -5.46260921 -1.11869248 -1.02460808 -1.00435029 
1.87381742e-02 -10.44233442 -5.46260921 -1.11869248 -1.02460808 -1.00435029 
1.51991108e-02 -10.44233442 -5.46260921 -1.11869248 -1.02460808 -1.00435029 
1.23284674e-02 -10.44233442 -5.46260921 -1.11869248 -1.02460808 -1.00435029 
1.00000000e-02 -10.44233442 -5.46260921 -1.11869248 -1.02460808 -1.00435029 
8.11130831e-03 -10.44233442 -5.46260921 -1.11869248 -1.02460808 -1.00435029 
6.57933225e-03 -10.44233442 -5.46260921 -1.11869248 -1.02460808 -1.00435029 
5.33669923e-03 -10.44233442 -5.46260921 -1.11869248 -1.02460808 -1.00435029 
4.32876128e-03 -10.44233442 -5.46260921 -1.11869248 -1.02460808 -1.00435029 
3.51119173e-03 -10.44233442 -5.46260921 -1.11869248 -1.02460808 -1.00435029 
2.84803587e-03 -10.44233442 -5.46260921 -1.11869248 -1.02460808 -1.00435029 
2.31012970e-03 -10.44233442 -5.46260921 -1.11869248 -1.02460808 -1.00435029 
1.87381742e-03 -10.44233442 -5.46260921 -1.11869248 -1.02460808 -1.00435029 
1.51991108e-03 -10.44233442 -5.46260921 -1.11869248 -1.02460808 -1.00435029 
1.23284674e-03 -10.44233442 -5.46260921 -1.11869248 -1.02460808 -1.00435029 
1.00000000e-03 -10.44233442 -5.46260921 -1.11869248 -1.02460808 -1.00435029 
8.11130831e-04 -10.44233442 -5.46260921 -1.11869248 -1.02460808 -1.00435029 
6.57933225e-04 -10.44233442 -5.46260921 -1.11869248 -1.02460808 -1.00435029 
5.33669923e-04 -10.44233442 -5.46260921 -1.11869248 -1.02460808 -1.00435029 
4.32876128e-04 -10.44233442 -5.46260921 -1.11869248 -1.02460808 -1.00435029 
3.51119173e-04 -10.44233442 -5.46260921 -1.11869248 -1.02460808 -1.00435029 
2.84803587e-04 -10.44233442 -5.46260921 -1.11869248 -1.02460808 -1.00435029 
2.31012970e-04 -10.44233442 -5.46260921 -1.11869248 -1.02460808 -1.00435029 
1.87381742e-04 -10.44233442 -5.46260921 -1.11869248 -1.02460808 -1.00435029 
1.51991108e-04 -10.44233442 -5.46260921 -1.11869248 -1.02460808 -1.00435029 
1.23284674e-04 -10.44233442 -5.46260921 -1.11869248 -1.02460808 -1.00435029 
1.00000000e-04 -10.44233442 -5.46260921 -1.11869248 -1.02460808 -1.00435029 
8.11130831e-05 -10.44233442 -5.46260921 -1.11869248 -1.02460808 -1.00435029 
6.57933225e-05 -10.44233442 -5.46260921 -1.11869248 -1.02460808 -1.00435029 
5.33669923e-05 -10.44233442 -5.46260921 -1.11869248 -1.02460808 -1.00435029 
4.32876128e-05 -10.44233442 -5.46260921 -1.11869248 -1.02460808 -1.00435029 
3.51119173e-05 -10.44233442 -5.46260921 -1.11869248 -1.02460808 -1.00435029 
2.84803587e-05 -10.44233442 -5.46260921 -1.11869248 -1.02460808 -1.00435029 
2.31012970e-05 -10.44233442 -5.46260921 -1.11869248 -1.02460808 -1.00435029 
1.87381742e-05 -10.44233442 -5.46260921 -1.11869248 -1.02460808 -1.00435029 
1.51991108e-05 -10.44233442 -5.46260921 -1.11869248 -1.02460808 -1.00435029 
1.23284674e-05 -10.44233442 -5.46260921 -1.11869248 -1.02460808 -1.00435029 
1.00000000e-05 -10.44233442 -5.46260921 -1.11869248 -1.02460808 -1.00435029 
8.11130831e-06 -10.44233442 -5.46260921 -1.11869248 -1.02460808 -1.00435029 
6.57933225e-06 -10.44233442 -5.46260921 -1.11869248 -1.02460808 -1.00435029 
5.33669923e-06 -10.44233442 -5.46260921 -1.11869248 -1.02460808 -1.00435029 
4.32876128e-06 -10.44233442 -5.46260921 -1.11869248 -1.02460808 -1.00435029 
3.51119173e-06 -10.44233442 -5.46260921 -1.11869248 -1.02460808 -1.00435029 
2.84803587e-06 -10.44233442 -5.46260921 -1.11869248 -1.02460808 -1.00435029 
2.31012970e-06 -10.44233442 -5.46260921 -1.11869248 -1.02460808 -1.00435029 
1.87381742e-06 -10.44233442 -5.46260921 -1.11869248 -1.02460808 -1.00435029 
1.51991108e-06 -10.44233442 -5.46260921 -1.11869248 -1.02460808 -1.00435029 
1.23284674e-06 -10.44233442 -5.46260921 -1.11869248 -1.02460808 -1.00435029 
1.00000000e-06 -10.44233442 -5.46260921 -1.11869248 -1.02460808 -1.00435029 
8.11130831e-07 -10.44233442 -5.46260921 -1.11869248 -1.02460808 -1.00435029 
6.57933225e-07 -10.44233442 -5.46260921 -1.11869248 -1.02460808 -1.00435029 
5.33669923e-07 -10.44233442 -5.46260921 -1.11869248 -1.02460808 -1.00435029 
4.32876128e-07 -10.44233442 -5.46260921 -1.11869248 -1.02460808 -1.00435029 
3.51119173e-07 -10.44233442 -5.46260921 -1.11869248 -1.02460808 -1.00435029 
2.84803587e-07 -10.44233442 -5.46260921 -1.11869248 -1.02460808 -1.00435029 
2.31012970e-07 -10.44233442 -5.46260921 -1.11869248 -1.02460808 -1.00435029 
1.87381742e-07 -10.44233442 -5.46260921 -1.11869248 -1.02460808 -1.00435029 
1.51991108e-07 -10.44233442 -5.46260921 -1.11869248 -1.02460808 -1.00435029 
1.23284674e-07 -10.44233442 -5.46260921 -1.11869248 -1.02460808 -1.00435029 
1.00000000e-07 -10.44233442 -5.46260921 -1.11869248 -1.02460808 -1.00435029 
P (bar) | log_TiO: -2σ | log_TiO: -1σ | log_TiO: median | log_TiO: +1σ | log_TiO: +2σ 
1.00000000e+02 -11.80814494 -11.17221113 -9.52832750 -7.24173314 -5.39126475 
8.11130831e+01 -11.80814494 -11.17221113 -9.52832750 -7.24173314 -5.39126475 
6.57933225e+01 -11.80814494 -11.17221113 -9.52832750 -7.24173314 -5.39126475 
5.33669923e+01 -11.80814494 -11.17221113 -9.52832750 -7.24173314 -5.39126475 
4.32876128e+01 -11.80814494 -11.17221113 -9.52832750 -7.24173314 -5.39126475 
3.51119173e+01 -11.80814494 -11.17221113 -9.52832750 -7.24173314 -5.39126475 
2.84803587e+01 -11.80814494 -11.17221113 -9.52832750 -7.24173314 -5.39126475 
2.31012970e+01 -11.80814494 -11.17221113 -9.52832750 -7.24173314 -5.39126475 
1.87381742e+01 -11.80814494 -11.17221113 -9.52832750 -7.24173314 -5.39126475 
1.51991108e+01 -11.80814494 -11.17221113 -9.52832750 -7.24173314 -5.39126475 
1.23284674e+01 -11.80814494 -11.17221113 -9.52832750 -7.24173314 -5.39126475 
1.00000000e+01 -11.80814494 -11.17221113 -9.52832750 -7.24173314 -5.39126475 
8.11130831e+00 -11.80814494 -11.17221113 -9.52832750 -7.24173314 -5.39126475 
6.57933225e+00 -11.80814494 -11.17221113 -9.52832750 -7.24173314 -5.39126475 
5.33669923e+00 -11.80814494 -11.17221113 -9.52832750 -7.24173314 -5.39126475 
4.32876128e+00 -11.80814494 -11.17221113 -9.52832750 -7.24173314 -5.39126475 
3.51119173e+00 -11.80814494 -11.17221113 -9.52832750 -7.24173314 -5.39126475 
2.84803587e+00 -11.80814494 -11.17221113 -9.52832750 -7.24173314 -5.39126475 
2.31012970e+00 -11.80814494 -11.17221113 -9.52832750 -7.24173314 -5.39126475 
1.87381742e+00 -11.80814494 -11.17221113 -9.52832750 -7.24173314 -5.39126475 
1.51991108e+00 -11.80814494 -11.17221113 -9.52832750 -7.24173314 -5.39126475 
1.23284674e+00 -11.80814494 -11.17221113 -9.52832750 -7.24173314 -5.39126475 
1.00000000e+00 -11.80814494 -11.17221113 -9.52832750 -7.24173314 -5.39126475 
8.11130831e-01 -11.80814494 -11.17221113 -9.52832750 -7.24173314 -5.39126475 
6.57933225e-01 -11.80814494 -11.17221113 -9.52832750 -7.24173314 -5.39126475 
5.33669923e-01 -11.80814494 -11.17221113 -9.52832750 -7.24173314 -5.39126475 
4.32876128e-01 -11.80814494 -11.17221113 -9.52832750 -7.24173314 -5.39126475 
3.51119173e-01 -11.80814494 -11.17221113 -9.52832750 -7.24173314 -5.39126475 
2.84803587e-01 -11.80814494 -11.17221113 -9.52832750 -7.24173314 -5.39126475 
2.31012970e-01 -11.80814494 -11.17221113 -9.52832750 -7.24173314 -5.39126475 
1.87381742e-01 -11.80814494 -11.17221113 -9.52832750 -7.24173314 -5.39126475 
1.51991108e-01 -11.80814494 -11.17221113 -9.52832750 -7.24173314 -5.39126475 
1.23284674e-01 -11.80814494 -11.17221113 -9.52832750 -7.24173314 -5.39126475 
1.00000000e-01 -11.80814494 -11.17221113 -9.52832750 -7.24173314 -5.39126475 
8.11130831e-02 -11.80814494 -11.17221113 -9.52832750 -7.24173314 -5.39126475 
6.57933225e-02 -11.80814494 -11.17221113 -9.52832750 -7.24173314 -5.39126475 
5.33669923e-02 -11.80814494 -11.17221113 -9.52832750 -7.24173314 -5.39126475 
4.32876128e-02 -11.80814494 -11.17221113 -9.52832750 -7.24173314 -5.39126475 
3.51119173e-02 -11.80814494 -11.17221113 -9.52832750 -7.24173314 -5.39126475 
2.84803587e-02 -11.80814494 -11.17221113 -9.52832750 -7.24173314 -5.39126475 
2.31012970e-02 -11.80814494 -11.17221113 -9.52832750 -7.24173314 -5.39126475 
1.87381742e-02 -11.80814494 -11.17221113 -9.52832750 -7.24173314 -5.39126475 
1.51991108e-02 -11.80814494 -11.17221113 -9.52832750 -7.24173314 -5.39126475 
1.23284674e-02 -11.80814494 -11.17221113 -9.52832750 -7.24173314 -5.39126475 
1.00000000e-02 -11.80814494 -11.17221113 -9.52832750 -7.24173314 -5.39126475 
8.11130831e-03 -11.80814494 -11.17221113 -9.52832750 -7.24173314 -5.39126475 
6.57933225e-03 -11.80814494 -11.17221113 -9.52832750 -7.24173314 -5.39126475 
5.33669923e-03 -11.80814494 -11.17221113 -9.52832750 -7.24173314 -5.39126475 
4.32876128e-03 -11.80814494 -11.17221113 -9.52832750 -7.24173314 -5.39126475 
3.51119173e-03 -11.80814494 -11.17221113 -9.52832750 -7.24173314 -5.39126475 
2.84803587e-03 -11.80814494 -11.17221113 -9.52832750 -7.24173314 -5.39126475 
2.31012970e-03 -11.80814494 -11.17221113 -9.52832750 -7.24173314 -5.39126475 
1.87381742e-03 -11.80814494 -11.17221113 -9.52832750 -7.24173314 -5.39126475 
1.51991108e-03 -11.80814494 -11.17221113 -9.52832750 -7.24173314 -5.39126475 
1.23284674e-03 -11.80814494 -11.17221113 -9.52832750 -7.24173314 -5.39126475 
1.00000000e-03 -11.80814494 -11.17221113 -9.52832750 -7.24173314 -5.39126475 
8.11130831e-04 -11.80814494 -11.17221113 -9.52832750 -7.24173314 -5.39126475 
6.57933225e-04 -11.80814494 -11.17221113 -9.52832750 -7.24173314 -5.39126475 
5.33669923e-04 -11.80814494 -11.17221113 -9.52832750 -7.24173314 -5.39126475 
4.32876128e-04 -11.80814494 -11.17221113 -9.52832750 -7.24173314 -5.39126475 
3.51119173e-04 -11.80814494 -11.17221113 -9.52832750 -7.24173314 -5.39126475 
2.84803587e-04 -11.80814494 -11.17221113 -9.52832750 -7.24173314 -5.39126475 
2.31012970e-04 -11.80814494 -11.17221113 -9.52832750 -7.24173314 -5.39126475 
1.87381742e-04 -11.80814494 -11.17221113 -9.52832750 -7.24173314 -5.39126475 
1.51991108e-04 -11.80814494 -11.17221113 -9.52832750 -7.24173314 -5.39126475 
1.23284674e-04 -11.80814494 -11.17221113 -9.52832750 -7.24173314 -5.39126475 
1.00000000e-04 -11.80814494 -11.17221113 -9.52832750 -7.24173314 -5.39126475 
8.11130831e-05 -11.80814494 -11.17221113 -9.52832750 -7.24173314 -5.39126475 
6.57933225e-05 -11.80814494 -11.17221113 -9.52832750 -7.24173314 -5.39126475 
5.33669923e-05 -11.80814494 -11.17221113 -9.52832750 -7.24173314 -5.39126475 
4.32876128e-05 -11.80814494 -11.17221113 -9.52832750 -7.24173314 -5.39126475 
3.51119173e-05 -11.80814494 -11.17221113 -9.52832750 -7.24173314 -5.39126475 
2.84803587e-05 -11.80814494 -11.17221113 -9.52832750 -7.24173314 -5.39126475 
2.31012970e-05 -11.80814494 -11.17221113 -9.52832750 -7.24173314 -5.39126475 
1.87381742e-05 -11.80814494 -11.17221113 -9.52832750 -7.24173314 -5.39126475 
1.51991108e-05 -11.80814494 -11.17221113 -9.52832750 -7.24173314 -5.39126475 
1.23284674e-05 -11.80814494 -11.17221113 -9.52832750 -7.24173314 -5.39126475 
1.00000000e-05 -11.80814494 -11.17221113 -9.52832750 -7.24173314 -5.39126475 
8.11130831e-06 -11.80814494 -11.17221113 -9.52832750 -7.24173314 -5.39126475 
6.57933225e-06 -11.80814494 -11.17221113 -9.52832750 -7.24173314 -5.39126475 
5.33669923e-06 -11.80814494 -11.17221113 -9.52832750 -7.24173314 -5.39126475 
4.32876128e-06 -11.80814494 -11.17221113 -9.52832750 -7.24173314 -5.39126475 
3.51119173e-06 -11.80814494 -11.17221113 -9.52832750 -7.24173314 -5.39126475 
2.84803587e-06 -11.80814494 -11.17221113 -9.52832750 -7.24173314 -5.39126475 
2.31012970e-06 -11.80814494 -11.17221113 -9.52832750 -7.24173314 -5.39126475 
1.87381742e-06 -11.80814494 -11.17221113 -9.52832750 -7.24173314 -5.39126475 
1.51991108e-06 -11.80814494 -11.17221113 -9.52832750 -7.24173314 -5.39126475 
1.23284674e-06 -11.80814494 -11.17221113 -9.52832750 -7.24173314 -5.39126475 
1.00000000e-06 -11.80814494 -11.17221113 -9.52832750 -7.24173314 -5.39126475 
8.11130831e-07 -11.80814494 -11.17221113 -9.52832750 -7.24173314 -5.39126475 
6.57933225e-07 -11.80814494 -11.17221113 -9.52832750 -7.24173314 -5.39126475 
5.33669923e-07 -11.80814494 -11.17221113 -9.52832750 -7.24173314 -5.39126475 
4.32876128e-07 -11.80814494 -11.17221113 -9.52832750 -7.24173314 -5.39126475 
3.51119173e-07 -11.80814494 -11.17221113 -9.52832750 -7.24173314 -5.39126475 
2.84803587e-07 -11.80814494 -11.17221113 -9.52832750 -7.24173314 -5.39126475 
2.31012970e-07 -11.80814494 -11.17221113 -9.52832750 -7.24173314 -5.39126475 
1.87381742e-07 -11.80814494 -11.17221113 -9.52832750 -7.24173314 -5.39126475 
1.51991108e-07 -11.80814494 -11.17221113 -9.52832750 -7.24173314 -5.39126475 
1.23284674e-07 -11.80814494 -11.17221113 -9.52832750 -7.24173314 -5.39126475 
1.00000000e-07 -11.80814494 -11.17221113 -9.52832750 -7.24173314 -5.39126475 
