Chemical species: H2 He Na K H2O
P (bar) | log_H2: -2σ | log_H2: -1σ | log_H2: median | log_H2: +1σ | log_H2: +2σ 
1.00000000e+02 -0.06831159 -0.06825952 -0.06823216 -0.06821875 -0.06820953 
8.11130831e+01 -0.06831159 -0.06825952 -0.06823216 -0.06821875 -0.06820953 
6.57933225e+01 -0.06831159 -0.06825952 -0.06823216 -0.06821875 -0.06820953 
5.33669923e+01 -0.06831159 -0.06825952 -0.06823216 -0.06821875 -0.06820953 
4.32876128e+01 -0.06831159 -0.06825952 -0.06823216 -0.06821875 -0.06820953 
3.51119173e+01 -0.06831159 -0.06825952 -0.06823216 -0.06821875 -0.06820953 
2.84803587e+01 -0.06831159 -0.06825952 -0.06823216 -0.06821875 -0.06820953 
2.31012970e+01 -0.06831159 -0.06825952 -0.06823216 -0.06821875 -0.06820953 
1.87381742e+01 -0.06831159 -0.06825952 -0.06823216 -0.06821875 -0.06820953 
1.51991108e+01 -0.06831159 -0.06825952 -0.06823216 -0.06821875 -0.06820953 
1.23284674e+01 -0.06831159 -0.06825952 -0.06823216 -0.06821875 -0.06820953 
1.00000000e+01 -0.06831159 -0.06825952 -0.06823216 -0.06821875 -0.06820953 
8.11130831e+00 -0.06831159 -0.06825952 -0.06823216 -0.06821875 -0.06820953 
6.57933225e+00 -0.06831159 -0.06825952 -0.06823216 -0.06821875 -0.06820953 
5.33669923e+00 -0.06831159 -0.06825952 -0.06823216 -0.06821875 -0.06820953 
4.32876128e+00 -0.06831159 -0.06825952 -0.06823216 -0.06821875 -0.06820953 
3.51119173e+00 -0.06831159 -0.06825952 -0.06823216 -0.06821875 -0.06820953 
2.84803587e+00 -0.06831159 -0.06825952 -0.06823216 -0.06821875 -0.06820953 
2.31012970e+00 -0.06831159 -0.06825952 -0.06823216 -0.06821875 -0.06820953 
1.87381742e+00 -0.06831159 -0.06825952 -0.06823216 -0.06821875 -0.06820953 
1.51991108e+00 -0.06831159 -0.06825952 -0.06823216 -0.06821875 -0.06820953 
1.23284674e+00 -0.06831159 -0.06825952 -0.06823216 -0.06821875 -0.06820953 
1.00000000e+00 -0.06831159 -0.06825952 -0.06823216 -0.06821875 -0.06820953 
8.11130831e-01 -0.06831159 -0.06825952 -0.06823216 -0.06821875 -0.06820953 
6.57933225e-01 -0.06831159 -0.06825952 -0.06823216 -0.06821875 -0.06820953 
5.33669923e-01 -0.06831159 -0.06825952 -0.06823216 -0.06821875 -0.06820953 
4.32876128e-01 -0.06831159 -0.06825952 -0.06823216 -0.06821875 -0.06820953 
3.51119173e-01 -0.06831159 -0.06825952 -0.06823216 -0.06821875 -0.06820953 
2.84803587e-01 -0.06831159 -0.06825952 -0.06823216 -0.06821875 -0.06820953 
2.31012970e-01 -0.06831159 -0.06825952 -0.06823216 -0.06821875 -0.06820953 
1.87381742e-01 -0.06831159 -0.06825952 -0.06823216 -0.06821875 -0.06820953 
1.51991108e-01 -0.06831159 -0.06825952 -0.06823216 -0.06821875 -0.06820953 
1.23284674e-01 -0.06831159 -0.06825952 -0.06823216 -0.06821875 -0.06820953 
1.00000000e-01 -0.06831159 -0.06825952 -0.06823216 -0.06821875 -0.06820953 
8.11130831e-02 -0.06831159 -0.06825952 -0.06823216 -0.06821875 -0.06820953 
6.57933225e-02 -0.06831159 -0.06825952 -0.06823216 -0.06821875 -0.06820953 
5.33669923e-02 -0.06831159 -0.06825952 -0.06823216 -0.06821875 -0.06820953 
4.32876128e-02 -0.06831159 -0.06825952 -0.06823216 -0.06821875 -0.06820953 
3.51119173e-02 -0.06831159 -0.06825952 -0.06823216 -0.06821875 -0.06820953 
2.84803587e-02 -0.06831159 -0.06825952 -0.06823216 -0.06821875 -0.06820953 
2.31012970e-02 -0.06831159 -0.06825952 -0.06823216 -0.06821875 -0.06820953 
1.87381742e-02 -0.06831159 -0.06825952 -0.06823216 -0.06821875 -0.06820953 
1.51991108e-02 -0.06831159 -0.06825952 -0.06823216 -0.06821875 -0.06820953 
1.23284674e-02 -0.06831159 -0.06825952 -0.06823216 -0.06821875 -0.06820953 
1.00000000e-02 -0.06831159 -0.06825952 -0.06823216 -0.06821875 -0.06820953 
8.11130831e-03 -0.06831159 -0.06825952 -0.06823216 -0.06821875 -0.06820953 
6.57933225e-03 -0.06831159 -0.06825952 -0.06823216 -0.06821875 -0.06820953 
5.33669923e-03 -0.06831159 -0.06825952 -0.06823216 -0.06821875 -0.06820953 
4.32876128e-03 -0.06831159 -0.06825952 -0.06823216 -0.06821875 -0.06820953 
3.51119173e-03 -0.06831159 -0.06825952 -0.06823216 -0.06821875 -0.06820953 
2.84803587e-03 -0.06831159 -0.06825952 -0.06823216 -0.06821875 -0.06820953 
2.31012970e-03 -0.06831159 -0.06825952 -0.06823216 -0.06821875 -0.06820953 
1.87381742e-03 -0.06831159 -0.06825952 -0.06823216 -0.06821875 -0.06820953 
1.51991108e-03 -0.06831159 -0.06825952 -0.06823216 -0.06821875 -0.06820953 
1.23284674e-03 -0.06831159 -0.06825952 -0.06823216 -0.06821875 -0.06820953 
1.00000000e-03 -0.06831159 -0.06825952 -0.06823216 -0.06821875 -0.06820953 
8.11130831e-04 -0.06831159 -0.06825952 -0.06823216 -0.06821875 -0.06820953 
6.57933225e-04 -0.06831159 -0.06825952 -0.06823216 -0.06821875 -0.06820953 
5.33669923e-04 -0.06831159 -0.06825952 -0.06823216 -0.06821875 -0.06820953 
4.32876128e-04 -0.06831159 -0.06825952 -0.06823216 -0.06821875 -0.06820953 
3.51119173e-04 -0.06831159 -0.06825952 -0.06823216 -0.06821875 -0.06820953 
2.84803587e-04 -0.06831159 -0.06825952 -0.06823216 -0.06821875 -0.06820953 
2.31012970e-04 -0.06831159 -0.06825952 -0.06823216 -0.06821875 -0.06820953 
1.87381742e-04 -0.06831159 -0.06825952 -0.06823216 -0.06821875 -0.06820953 
1.51991108e-04 -0.06831159 -0.06825952 -0.06823216 -0.06821875 -0.06820953 
1.23284674e-04 -0.06831159 -0.06825952 -0.06823216 -0.06821875 -0.06820953 
1.00000000e-04 -0.06831159 -0.06825952 -0.06823216 -0.06821875 -0.06820953 
8.11130831e-05 -0.06831159 -0.06825952 -0.06823216 -0.06821875 -0.06820953 
6.57933225e-05 -0.06831159 -0.06825952 -0.06823216 -0.06821875 -0.06820953 
5.33669923e-05 -0.06831159 -0.06825952 -0.06823216 -0.06821875 -0.06820953 
4.32876128e-05 -0.06831159 -0.06825952 -0.06823216 -0.06821875 -0.06820953 
3.51119173e-05 -0.06831159 -0.06825952 -0.06823216 -0.06821875 -0.06820953 
2.84803587e-05 -0.06831159 -0.06825952 -0.06823216 -0.06821875 -0.06820953 
2.31012970e-05 -0.06831159 -0.06825952 -0.06823216 -0.06821875 -0.06820953 
1.87381742e-05 -0.06831159 -0.06825952 -0.06823216 -0.06821875 -0.06820953 
1.51991108e-05 -0.06831159 -0.06825952 -0.06823216 -0.06821875 -0.06820953 
1.23284674e-05 -0.06831159 -0.06825952 -0.06823216 -0.06821875 -0.06820953 
1.00000000e-05 -0.06831159 -0.06825952 -0.06823216 -0.06821875 -0.06820953 
8.11130831e-06 -0.06831159 -0.06825952 -0.06823216 -0.06821875 -0.06820953 
6.57933225e-06 -0.06831159 -0.06825952 -0.06823216 -0.06821875 -0.06820953 
5.33669923e-06 -0.06831159 -0.06825952 -0.06823216 -0.06821875 -0.06820953 
4.32876128e-06 -0.06831159 -0.06825952 -0.06823216 -0.06821875 -0.06820953 
3.51119173e-06 -0.06831159 -0.06825952 -0.06823216 -0.06821875 -0.06820953 
2.84803587e-06 -0.06831159 -0.06825952 -0.06823216 -0.06821875 -0.06820953 
2.31012970e-06 -0.06831159 -0.06825952 -0.06823216 -0.06821875 -0.06820953 
1.87381742e-06 -0.06831159 -0.06825952 -0.06823216 -0.06821875 -0.06820953 
1.51991108e-06 -0.06831159 -0.06825952 -0.06823216 -0.06821875 -0.06820953 
1.23284674e-06 -0.06831159 -0.06825952 -0.06823216 -0.06821875 -0.06820953 
1.00000000e-06 -0.06831159 -0.06825952 -0.06823216 -0.06821875 -0.06820953 
8.11130831e-07 -0.06831159 -0.06825952 -0.06823216 -0.06821875 -0.06820953 
6.57933225e-07 -0.06831159 -0.06825952 -0.06823216 -0.06821875 -0.06820953 
5.33669923e-07 -0.06831159 -0.06825952 -0.06823216 -0.06821875 -0.06820953 
4.32876128e-07 -0.06831159 -0.06825952 -0.06823216 -0.06821875 -0.06820953 
3.51119173e-07 -0.06831159 -0.06825952 -0.06823216 -0.06821875 -0.06820953 
2.84803587e-07 -0.06831159 -0.06825952 -0.06823216 -0.06821875 -0.06820953 
2.31012970e-07 -0.06831159 -0.06825952 -0.06823216 -0.06821875 -0.06820953 
1.87381742e-07 -0.06831159 -0.06825952 -0.06823216 -0.06821875 -0.06820953 
1.51991108e-07 -0.06831159 -0.06825952 -0.06823216 -0.06821875 -0.06820953 
1.23284674e-07 -0.06831159 -0.06825952 -0.06823216 -0.06821875 -0.06820953 
1.00000000e-07 -0.06831159 -0.06825952 -0.06823216 -0.06821875 -0.06820953 
P (bar) | log_He: -2σ | log_He: -1σ | log_He: median | log_He: +1σ | log_He: +2σ 
1.00000000e+02 -0.83786267 -0.83781060 -0.83778323 -0.83776983 -0.83776061 
8.11130831e+01 -0.83786267 -0.83781060 -0.83778323 -0.83776983 -0.83776061 
6.57933225e+01 -0.83786267 -0.83781060 -0.83778323 -0.83776983 -0.83776061 
5.33669923e+01 -0.83786267 -0.83781060 -0.83778323 -0.83776983 -0.83776061 
4.32876128e+01 -0.83786267 -0.83781060 -0.83778323 -0.83776983 -0.83776061 
3.51119173e+01 -0.83786267 -0.83781060 -0.83778323 -0.83776983 -0.83776061 
2.84803587e+01 -0.83786267 -0.83781060 -0.83778323 -0.83776983 -0.83776061 
2.31012970e+01 -0.83786267 -0.83781060 -0.83778323 -0.83776983 -0.83776061 
1.87381742e+01 -0.83786267 -0.83781060 -0.83778323 -0.83776983 -0.83776061 
1.51991108e+01 -0.83786267 -0.83781060 -0.83778323 -0.83776983 -0.83776061 
1.23284674e+01 -0.83786267 -0.83781060 -0.83778323 -0.83776983 -0.83776061 
1.00000000e+01 -0.83786267 -0.83781060 -0.83778323 -0.83776983 -0.83776061 
8.11130831e+00 -0.83786267 -0.83781060 -0.83778323 -0.83776983 -0.83776061 
6.57933225e+00 -0.83786267 -0.83781060 -0.83778323 -0.83776983 -0.83776061 
5.33669923e+00 -0.83786267 -0.83781060 -0.83778323 -0.83776983 -0.83776061 
4.32876128e+00 -0.83786267 -0.83781060 -0.83778323 -0.83776983 -0.83776061 
3.51119173e+00 -0.83786267 -0.83781060 -0.83778323 -0.83776983 -0.83776061 
2.84803587e+00 -0.83786267 -0.83781060 -0.83778323 -0.83776983 -0.83776061 
2.31012970e+00 -0.83786267 -0.83781060 -0.83778323 -0.83776983 -0.83776061 
1.87381742e+00 -0.83786267 -0.83781060 -0.83778323 -0.83776983 -0.83776061 
1.51991108e+00 -0.83786267 -0.83781060 -0.83778323 -0.83776983 -0.83776061 
1.23284674e+00 -0.83786267 -0.83781060 -0.83778323 -0.83776983 -0.83776061 
1.00000000e+00 -0.83786267 -0.83781060 -0.83778323 -0.83776983 -0.83776061 
8.11130831e-01 -0.83786267 -0.83781060 -0.83778323 -0.83776983 -0.83776061 
6.57933225e-01 -0.83786267 -0.83781060 -0.83778323 -0.83776983 -0.83776061 
5.33669923e-01 -0.83786267 -0.83781060 -0.83778323 -0.83776983 -0.83776061 
4.32876128e-01 -0.83786267 -0.83781060 -0.83778323 -0.83776983 -0.83776061 
3.51119173e-01 -0.83786267 -0.83781060 -0.83778323 -0.83776983 -0.83776061 
2.84803587e-01 -0.83786267 -0.83781060 -0.83778323 -0.83776983 -0.83776061 
2.31012970e-01 -0.83786267 -0.83781060 -0.83778323 -0.83776983 -0.83776061 
1.87381742e-01 -0.83786267 -0.83781060 -0.83778323 -0.83776983 -0.83776061 
1.51991108e-01 -0.83786267 -0.83781060 -0.83778323 -0.83776983 -0.83776061 
1.23284674e-01 -0.83786267 -0.83781060 -0.83778323 -0.83776983 -0.83776061 
1.00000000e-01 -0.83786267 -0.83781060 -0.83778323 -0.83776983 -0.83776061 
8.11130831e-02 -0.83786267 -0.83781060 -0.83778323 -0.83776983 -0.83776061 
6.57933225e-02 -0.83786267 -0.83781060 -0.83778323 -0.83776983 -0.83776061 
5.33669923e-02 -0.83786267 -0.83781060 -0.83778323 -0.83776983 -0.83776061 
4.32876128e-02 -0.83786267 -0.83781060 -0.83778323 -0.83776983 -0.83776061 
3.51119173e-02 -0.83786267 -0.83781060 -0.83778323 -0.83776983 -0.83776061 
2.84803587e-02 -0.83786267 -0.83781060 -0.83778323 -0.83776983 -0.83776061 
2.31012970e-02 -0.83786267 -0.83781060 -0.83778323 -0.83776983 -0.83776061 
1.87381742e-02 -0.83786267 -0.83781060 -0.83778323 -0.83776983 -0.83776061 
1.51991108e-02 -0.83786267 -0.83781060 -0.83778323 -0.83776983 -0.83776061 
1.23284674e-02 -0.83786267 -0.83781060 -0.83778323 -0.83776983 -0.83776061 
1.00000000e-02 -0.83786267 -0.83781060 -0.83778323 -0.83776983 -0.83776061 
8.11130831e-03 -0.83786267 -0.83781060 -0.83778323 -0.83776983 -0.83776061 
6.57933225e-03 -0.83786267 -0.83781060 -0.83778323 -0.83776983 -0.83776061 
5.33669923e-03 -0.83786267 -0.83781060 -0.83778323 -0.83776983 -0.83776061 
4.32876128e-03 -0.83786267 -0.83781060 -0.83778323 -0.83776983 -0.83776061 
3.51119173e-03 -0.83786267 -0.83781060 -0.83778323 -0.83776983 -0.83776061 
2.84803587e-03 -0.83786267 -0.83781060 -0.83778323 -0.83776983 -0.83776061 
2.31012970e-03 -0.83786267 -0.83781060 -0.83778323 -0.83776983 -0.83776061 
1.87381742e-03 -0.83786267 -0.83781060 -0.83778323 -0.83776983 -0.83776061 
1.51991108e-03 -0.83786267 -0.83781060 -0.83778323 -0.83776983 -0.83776061 
1.23284674e-03 -0.83786267 -0.83781060 -0.83778323 -0.83776983 -0.83776061 
1.00000000e-03 -0.83786267 -0.83781060 -0.83778323 -0.83776983 -0.83776061 
8.11130831e-04 -0.83786267 -0.83781060 -0.83778323 -0.83776983 -0.83776061 
6.57933225e-04 -0.83786267 -0.83781060 -0.83778323 -0.83776983 -0.83776061 
5.33669923e-04 -0.83786267 -0.83781060 -0.83778323 -0.83776983 -0.83776061 
4.32876128e-04 -0.83786267 -0.83781060 -0.83778323 -0.83776983 -0.83776061 
3.51119173e-04 -0.83786267 -0.83781060 -0.83778323 -0.83776983 -0.83776061 
2.84803587e-04 -0.83786267 -0.83781060 -0.83778323 -0.83776983 -0.83776061 
2.31012970e-04 -0.83786267 -0.83781060 -0.83778323 -0.83776983 -0.83776061 
1.87381742e-04 -0.83786267 -0.83781060 -0.83778323 -0.83776983 -0.83776061 
1.51991108e-04 -0.83786267 -0.83781060 -0.83778323 -0.83776983 -0.83776061 
1.23284674e-04 -0.83786267 -0.83781060 -0.83778323 -0.83776983 -0.83776061 
1.00000000e-04 -0.83786267 -0.83781060 -0.83778323 -0.83776983 -0.83776061 
8.11130831e-05 -0.83786267 -0.83781060 -0.83778323 -0.83776983 -0.83776061 
6.57933225e-05 -0.83786267 -0.83781060 -0.83778323 -0.83776983 -0.83776061 
5.33669923e-05 -0.83786267 -0.83781060 -0.83778323 -0.83776983 -0.83776061 
4.32876128e-05 -0.83786267 -0.83781060 -0.83778323 -0.83776983 -0.83776061 
3.51119173e-05 -0.83786267 -0.83781060 -0.83778323 -0.83776983 -0.83776061 
2.84803587e-05 -0.83786267 -0.83781060 -0.83778323 -0.83776983 -0.83776061 
2.31012970e-05 -0.83786267 -0.83781060 -0.83778323 -0.83776983 -0.83776061 
1.87381742e-05 -0.83786267 -0.83781060 -0.83778323 -0.83776983 -0.83776061 
1.51991108e-05 -0.83786267 -0.83781060 -0.83778323 -0.83776983 -0.83776061 
1.23284674e-05 -0.83786267 -0.83781060 -0.83778323 -0.83776983 -0.83776061 
1.00000000e-05 -0.83786267 -0.83781060 -0.83778323 -0.83776983 -0.83776061 
8.11130831e-06 -0.83786267 -0.83781060 -0.83778323 -0.83776983 -0.83776061 
6.57933225e-06 -0.83786267 -0.83781060 -0.83778323 -0.83776983 -0.83776061 
5.33669923e-06 -0.83786267 -0.83781060 -0.83778323 -0.83776983 -0.83776061 
4.32876128e-06 -0.83786267 -0.83781060 -0.83778323 -0.83776983 -0.83776061 
3.51119173e-06 -0.83786267 -0.83781060 -0.83778323 -0.83776983 -0.83776061 
2.84803587e-06 -0.83786267 -0.83781060 -0.83778323 -0.83776983 -0.83776061 
2.31012970e-06 -0.83786267 -0.83781060 -0.83778323 -0.83776983 -0.83776061 
1.87381742e-06 -0.83786267 -0.83781060 -0.83778323 -0.83776983 -0.83776061 
1.51991108e-06 -0.83786267 -0.83781060 -0.83778323 -0.83776983 -0.83776061 
1.23284674e-06 -0.83786267 -0.83781060 -0.83778323 -0.83776983 -0.83776061 
1.00000000e-06 -0.83786267 -0.83781060 -0.83778323 -0.83776983 -0.83776061 
8.11130831e-07 -0.83786267 -0.83781060 -0.83778323 -0.83776983 -0.83776061 
6.57933225e-07 -0.83786267 -0.83781060 -0.83778323 -0.83776983 -0.83776061 
5.33669923e-07 -0.83786267 -0.83781060 -0.83778323 -0.83776983 -0.83776061 
4.32876128e-07 -0.83786267 -0.83781060 -0.83778323 -0.83776983 -0.83776061 
3.51119173e-07 -0.83786267 -0.83781060 -0.83778323 -0.83776983 -0.83776061 
2.84803587e-07 -0.83786267 -0.83781060 -0.83778323 -0.83776983 -0.83776061 
2.31012970e-07 -0.83786267 -0.83781060 -0.83778323 -0.83776983 -0.83776061 
1.87381742e-07 -0.83786267 -0.83781060 -0.83778323 -0.83776983 -0.83776061 
1.51991108e-07 -0.83786267 -0.83781060 -0.83778323 -0.83776983 -0.83776061 
1.23284674e-07 -0.83786267 -0.83781060 -0.83778323 -0.83776983 -0.83776061 
1.00000000e-07 -0.83786267 -0.83781060 -0.83778323 -0.83776983 -0.83776061 
P (bar) | log_Na: -2σ | log_Na: -1σ | log_Na: median | log_Na: +1σ | log_Na: +2σ 
1.00000000e+02 -6.16989691 -5.86204469 -5.58018685 -5.28266003 -4.95667472 
8.11130831e+01 -6.16989691 -5.86204469 -5.58018685 -5.28266003 -4.95667472 
6.57933225e+01 -6.16989691 -5.86204469 -5.58018685 -5.28266003 -4.95667472 
5.33669923e+01 -6.16989691 -5.86204469 -5.58018685 -5.28266003 -4.95667472 
4.32876128e+01 -6.16989691 -5.86204469 -5.58018685 -5.28266003 -4.95667472 
3.51119173e+01 -6.16989691 -5.86204469 -5.58018685 -5.28266003 -4.95667472 
2.84803587e+01 -6.16989691 -5.86204469 -5.58018685 -5.28266003 -4.95667472 
2.31012970e+01 -6.16989691 -5.86204469 -5.58018685 -5.28266003 -4.95667472 
1.87381742e+01 -6.16989691 -5.86204469 -5.58018685 -5.28266003 -4.95667472 
1.51991108e+01 -6.16989691 -5.86204469 -5.58018685 -5.28266003 -4.95667472 
1.23284674e+01 -6.16989691 -5.86204469 -5.58018685 -5.28266003 -4.95667472 
1.00000000e+01 -6.16989691 -5.86204469 -5.58018685 -5.28266003 -4.95667472 
8.11130831e+00 -6.16989691 -5.86204469 -5.58018685 -5.28266003 -4.95667472 
6.57933225e+00 -6.16989691 -5.86204469 -5.58018685 -5.28266003 -4.95667472 
5.33669923e+00 -6.16989691 -5.86204469 -5.58018685 -5.28266003 -4.95667472 
4.32876128e+00 -6.16989691 -5.86204469 -5.58018685 -5.28266003 -4.95667472 
3.51119173e+00 -6.16989691 -5.86204469 -5.58018685 -5.28266003 -4.95667472 
2.84803587e+00 -6.16989691 -5.86204469 -5.58018685 -5.28266003 -4.95667472 
2.31012970e+00 -6.16989691 -5.86204469 -5.58018685 -5.28266003 -4.95667472 
1.87381742e+00 -6.16989691 -5.86204469 -5.58018685 -5.28266003 -4.95667472 
1.51991108e+00 -6.16989691 -5.86204469 -5.58018685 -5.28266003 -4.95667472 
1.23284674e+00 -6.16989691 -5.86204469 -5.58018685 -5.28266003 -4.95667472 
1.00000000e+00 -6.16989691 -5.86204469 -5.58018685 -5.28266003 -4.95667472 
8.11130831e-01 -6.16989691 -5.86204469 -5.58018685 -5.28266003 -4.95667472 
6.57933225e-01 -6.16989691 -5.86204469 -5.58018685 -5.28266003 -4.95667472 
5.33669923e-01 -6.16989691 -5.86204469 -5.58018685 -5.28266003 -4.95667472 
4.32876128e-01 -6.16989691 -5.86204469 -5.58018685 -5.28266003 -4.95667472 
3.51119173e-01 -6.16989691 -5.86204469 -5.58018685 -5.28266003 -4.95667472 
2.84803587e-01 -6.16989691 -5.86204469 -5.58018685 -5.28266003 -4.95667472 
2.31012970e-01 -6.16989691 -5.86204469 -5.58018685 -5.28266003 -4.95667472 
1.87381742e-01 -6.16989691 -5.86204469 -5.58018685 -5.28266003 -4.95667472 
1.51991108e-01 -6.16989691 -5.86204469 -5.58018685 -5.28266003 -4.95667472 
1.23284674e-01 -6.16989691 -5.86204469 -5.58018685 -5.28266003 -4.95667472 
1.00000000e-01 -6.16989691 -5.86204469 -5.58018685 -5.28266003 -4.95667472 
8.11130831e-02 -6.16989691 -5.86204469 -5.58018685 -5.28266003 -4.95667472 
6.57933225e-02 -6.16989691 -5.86204469 -5.58018685 -5.28266003 -4.95667472 
5.33669923e-02 -6.16989691 -5.86204469 -5.58018685 -5.28266003 -4.95667472 
4.32876128e-02 -6.16989691 -5.86204469 -5.58018685 -5.28266003 -4.95667472 
3.51119173e-02 -6.16989691 -5.86204469 -5.58018685 -5.28266003 -4.95667472 
2.84803587e-02 -6.16989691 -5.86204469 -5.58018685 -5.28266003 -4.95667472 
2.31012970e-02 -6.16989691 -5.86204469 -5.58018685 -5.28266003 -4.95667472 
1.87381742e-02 -6.16989691 -5.86204469 -5.58018685 -5.28266003 -4.95667472 
1.51991108e-02 -6.16989691 -5.86204469 -5.58018685 -5.28266003 -4.95667472 
1.23284674e-02 -6.16989691 -5.86204469 -5.58018685 -5.28266003 -4.95667472 
1.00000000e-02 -6.16989691 -5.86204469 -5.58018685 -5.28266003 -4.95667472 
8.11130831e-03 -6.16989691 -5.86204469 -5.58018685 -5.28266003 -4.95667472 
6.57933225e-03 -6.16989691 -5.86204469 -5.58018685 -5.28266003 -4.95667472 
5.33669923e-03 -6.16989691 -5.86204469 -5.58018685 -5.28266003 -4.95667472 
4.32876128e-03 -6.16989691 -5.86204469 -5.58018685 -5.28266003 -4.95667472 
3.51119173e-03 -6.16989691 -5.86204469 -5.58018685 -5.28266003 -4.95667472 
2.84803587e-03 -6.16989691 -5.86204469 -5.58018685 -5.28266003 -4.95667472 
2.31012970e-03 -6.16989691 -5.86204469 -5.58018685 -5.28266003 -4.95667472 
1.87381742e-03 -6.16989691 -5.86204469 -5.58018685 -5.28266003 -4.95667472 
1.51991108e-03 -6.16989691 -5.86204469 -5.58018685 -5.28266003 -4.95667472 
1.23284674e-03 -6.16989691 -5.86204469 -5.58018685 -5.28266003 -4.95667472 
1.00000000e-03 -6.16989691 -5.86204469 -5.58018685 -5.28266003 -4.95667472 
8.11130831e-04 -6.16989691 -5.86204469 -5.58018685 -5.28266003 -4.95667472 
6.57933225e-04 -6.16989691 -5.86204469 -5.58018685 -5.28266003 -4.95667472 
5.33669923e-04 -6.16989691 -5.86204469 -5.58018685 -5.28266003 -4.95667472 
4.32876128e-04 -6.16989691 -5.86204469 -5.58018685 -5.28266003 -4.95667472 
3.51119173e-04 -6.16989691 -5.86204469 -5.58018685 -5.28266003 -4.95667472 
2.84803587e-04 -6.16989691 -5.86204469 -5.58018685 -5.28266003 -4.95667472 
2.31012970e-04 -6.16989691 -5.86204469 -5.58018685 -5.28266003 -4.95667472 
1.87381742e-04 -6.16989691 -5.86204469 -5.58018685 -5.28266003 -4.95667472 
1.51991108e-04 -6.16989691 -5.86204469 -5.58018685 -5.28266003 -4.95667472 
1.23284674e-04 -6.16989691 -5.86204469 -5.58018685 -5.28266003 -4.95667472 
1.00000000e-04 -6.16989691 -5.86204469 -5.58018685 -5.28266003 -4.95667472 
8.11130831e-05 -6.16989691 -5.86204469 -5.58018685 -5.28266003 -4.95667472 
6.57933225e-05 -6.16989691 -5.86204469 -5.58018685 -5.28266003 -4.95667472 
5.33669923e-05 -6.16989691 -5.86204469 -5.58018685 -5.28266003 -4.95667472 
4.32876128e-05 -6.16989691 -5.86204469 -5.58018685 -5.28266003 -4.95667472 
3.51119173e-05 -6.16989691 -5.86204469 -5.58018685 -5.28266003 -4.95667472 
2.84803587e-05 -6.16989691 -5.86204469 -5.58018685 -5.28266003 -4.95667472 
2.31012970e-05 -6.16989691 -5.86204469 -5.58018685 -5.28266003 -4.95667472 
1.87381742e-05 -6.16989691 -5.86204469 -5.58018685 -5.28266003 -4.95667472 
1.51991108e-05 -6.16989691 -5.86204469 -5.58018685 -5.28266003 -4.95667472 
1.23284674e-05 -6.16989691 -5.86204469 -5.58018685 -5.28266003 -4.95667472 
1.00000000e-05 -6.16989691 -5.86204469 -5.58018685 -5.28266003 -4.95667472 
8.11130831e-06 -6.16989691 -5.86204469 -5.58018685 -5.28266003 -4.95667472 
6.57933225e-06 -6.16989691 -5.86204469 -5.58018685 -5.28266003 -4.95667472 
5.33669923e-06 -6.16989691 -5.86204469 -5.58018685 -5.28266003 -4.95667472 
4.32876128e-06 -6.16989691 -5.86204469 -5.58018685 -5.28266003 -4.95667472 
3.51119173e-06 -6.16989691 -5.86204469 -5.58018685 -5.28266003 -4.95667472 
2.84803587e-06 -6.16989691 -5.86204469 -5.58018685 -5.28266003 -4.95667472 
2.31012970e-06 -6.16989691 -5.86204469 -5.58018685 -5.28266003 -4.95667472 
1.87381742e-06 -6.16989691 -5.86204469 -5.58018685 -5.28266003 -4.95667472 
1.51991108e-06 -6.16989691 -5.86204469 -5.58018685 -5.28266003 -4.95667472 
1.23284674e-06 -6.16989691 -5.86204469 -5.58018685 -5.28266003 -4.95667472 
1.00000000e-06 -6.16989691 -5.86204469 -5.58018685 -5.28266003 -4.95667472 
8.11130831e-07 -6.16989691 -5.86204469 -5.58018685 -5.28266003 -4.95667472 
6.57933225e-07 -6.16989691 -5.86204469 -5.58018685 -5.28266003 -4.95667472 
5.33669923e-07 -6.16989691 -5.86204469 -5.58018685 -5.28266003 -4.95667472 
4.32876128e-07 -6.16989691 -5.86204469 -5.58018685 -5.28266003 -4.95667472 
3.51119173e-07 -6.16989691 -5.86204469 -5.58018685 -5.28266003 -4.95667472 
2.84803587e-07 -6.16989691 -5.86204469 -5.58018685 -5.28266003 -4.95667472 
2.31012970e-07 -6.16989691 -5.86204469 -5.58018685 -5.28266003 -4.95667472 
1.87381742e-07 -6.16989691 -5.86204469 -5.58018685 -5.28266003 -4.95667472 
1.51991108e-07 -6.16989691 -5.86204469 -5.58018685 -5.28266003 -4.95667472 
1.23284674e-07 -6.16989691 -5.86204469 -5.58018685 -5.28266003 -4.95667472 
1.00000000e-07 -6.16989691 -5.86204469 -5.58018685 -5.28266003 -4.95667472 
P (bar) | log_K: -2σ | log_K: -1σ | log_K: median | log_K: +1σ | log_K: +2σ 
1.00000000e+02 -7.85006551 -7.52304111 -7.19077928 -6.86130719 -6.57075780 
8.11130831e+01 -7.85006551 -7.52304111 -7.19077928 -6.86130719 -6.57075780 
6.57933225e+01 -7.85006551 -7.52304111 -7.19077928 -6.86130719 -6.57075780 
5.33669923e+01 -7.85006551 -7.52304111 -7.19077928 -6.86130719 -6.57075780 
4.32876128e+01 -7.85006551 -7.52304111 -7.19077928 -6.86130719 -6.57075780 
3.51119173e+01 -7.85006551 -7.52304111 -7.19077928 -6.86130719 -6.57075780 
2.84803587e+01 -7.85006551 -7.52304111 -7.19077928 -6.86130719 -6.57075780 
2.31012970e+01 -7.85006551 -7.52304111 -7.19077928 -6.86130719 -6.57075780 
1.87381742e+01 -7.85006551 -7.52304111 -7.19077928 -6.86130719 -6.57075780 
1.51991108e+01 -7.85006551 -7.52304111 -7.19077928 -6.86130719 -6.57075780 
1.23284674e+01 -7.85006551 -7.52304111 -7.19077928 -6.86130719 -6.57075780 
1.00000000e+01 -7.85006551 -7.52304111 -7.19077928 -6.86130719 -6.57075780 
8.11130831e+00 -7.85006551 -7.52304111 -7.19077928 -6.86130719 -6.57075780 
6.57933225e+00 -7.85006551 -7.52304111 -7.19077928 -6.86130719 -6.57075780 
5.33669923e+00 -7.85006551 -7.52304111 -7.19077928 -6.86130719 -6.57075780 
4.32876128e+00 -7.85006551 -7.52304111 -7.19077928 -6.86130719 -6.57075780 
3.51119173e+00 -7.85006551 -7.52304111 -7.19077928 -6.86130719 -6.57075780 
2.84803587e+00 -7.85006551 -7.52304111 -7.19077928 -6.86130719 -6.57075780 
2.31012970e+00 -7.85006551 -7.52304111 -7.19077928 -6.86130719 -6.57075780 
1.87381742e+00 -7.85006551 -7.52304111 -7.19077928 -6.86130719 -6.57075780 
1.51991108e+00 -7.85006551 -7.52304111 -7.19077928 -6.86130719 -6.57075780 
1.23284674e+00 -7.85006551 -7.52304111 -7.19077928 -6.86130719 -6.57075780 
1.00000000e+00 -7.85006551 -7.52304111 -7.19077928 -6.86130719 -6.57075780 
8.11130831e-01 -7.85006551 -7.52304111 -7.19077928 -6.86130719 -6.57075780 
6.57933225e-01 -7.85006551 -7.52304111 -7.19077928 -6.86130719 -6.57075780 
5.33669923e-01 -7.85006551 -7.52304111 -7.19077928 -6.86130719 -6.57075780 
4.32876128e-01 -7.85006551 -7.52304111 -7.19077928 -6.86130719 -6.57075780 
3.51119173e-01 -7.85006551 -7.52304111 -7.19077928 -6.86130719 -6.57075780 
2.84803587e-01 -7.85006551 -7.52304111 -7.19077928 -6.86130719 -6.57075780 
2.31012970e-01 -7.85006551 -7.52304111 -7.19077928 -6.86130719 -6.57075780 
1.87381742e-01 -7.85006551 -7.52304111 -7.19077928 -6.86130719 -6.57075780 
1.51991108e-01 -7.85006551 -7.52304111 -7.19077928 -6.86130719 -6.57075780 
1.23284674e-01 -7.85006551 -7.52304111 -7.19077928 -6.86130719 -6.57075780 
1.00000000e-01 -7.85006551 -7.52304111 -7.19077928 -6.86130719 -6.57075780 
8.11130831e-02 -7.85006551 -7.52304111 -7.19077928 -6.86130719 -6.57075780 
6.57933225e-02 -7.85006551 -7.52304111 -7.19077928 -6.86130719 -6.57075780 
5.33669923e-02 -7.85006551 -7.52304111 -7.19077928 -6.86130719 -6.57075780 
4.32876128e-02 -7.85006551 -7.52304111 -7.19077928 -6.86130719 -6.57075780 
3.51119173e-02 -7.85006551 -7.52304111 -7.19077928 -6.86130719 -6.57075780 
2.84803587e-02 -7.85006551 -7.52304111 -7.19077928 -6.86130719 -6.57075780 
2.31012970e-02 -7.85006551 -7.52304111 -7.19077928 -6.86130719 -6.57075780 
1.87381742e-02 -7.85006551 -7.52304111 -7.19077928 -6.86130719 -6.57075780 
1.51991108e-02 -7.85006551 -7.52304111 -7.19077928 -6.86130719 -6.57075780 
1.23284674e-02 -7.85006551 -7.52304111 -7.19077928 -6.86130719 -6.57075780 
1.00000000e-02 -7.85006551 -7.52304111 -7.19077928 -6.86130719 -6.57075780 
8.11130831e-03 -7.85006551 -7.52304111 -7.19077928 -6.86130719 -6.57075780 
6.57933225e-03 -7.85006551 -7.52304111 -7.19077928 -6.86130719 -6.57075780 
5.33669923e-03 -7.85006551 -7.52304111 -7.19077928 -6.86130719 -6.57075780 
4.32876128e-03 -7.85006551 -7.52304111 -7.19077928 -6.86130719 -6.57075780 
3.51119173e-03 -7.85006551 -7.52304111 -7.19077928 -6.86130719 -6.57075780 
2.84803587e-03 -7.85006551 -7.52304111 -7.19077928 -6.86130719 -6.57075780 
2.31012970e-03 -7.85006551 -7.52304111 -7.19077928 -6.86130719 -6.57075780 
1.87381742e-03 -7.85006551 -7.52304111 -7.19077928 -6.86130719 -6.57075780 
1.51991108e-03 -7.85006551 -7.52304111 -7.19077928 -6.86130719 -6.57075780 
1.23284674e-03 -7.85006551 -7.52304111 -7.19077928 -6.86130719 -6.57075780 
1.00000000e-03 -7.85006551 -7.52304111 -7.19077928 -6.86130719 -6.57075780 
8.11130831e-04 -7.85006551 -7.52304111 -7.19077928 -6.86130719 -6.57075780 
6.57933225e-04 -7.85006551 -7.52304111 -7.19077928 -6.86130719 -6.57075780 
5.33669923e-04 -7.85006551 -7.52304111 -7.19077928 -6.86130719 -6.57075780 
4.32876128e-04 -7.85006551 -7.52304111 -7.19077928 -6.86130719 -6.57075780 
3.51119173e-04 -7.85006551 -7.52304111 -7.19077928 -6.86130719 -6.57075780 
2.84803587e-04 -7.85006551 -7.52304111 -7.19077928 -6.86130719 -6.57075780 
2.31012970e-04 -7.85006551 -7.52304111 -7.19077928 -6.86130719 -6.57075780 
1.87381742e-04 -7.85006551 -7.52304111 -7.19077928 -6.86130719 -6.57075780 
1.51991108e-04 -7.85006551 -7.52304111 -7.19077928 -6.86130719 -6.57075780 
1.23284674e-04 -7.85006551 -7.52304111 -7.19077928 -6.86130719 -6.57075780 
1.00000000e-04 -7.85006551 -7.52304111 -7.19077928 -6.86130719 -6.57075780 
8.11130831e-05 -7.85006551 -7.52304111 -7.19077928 -6.86130719 -6.57075780 
6.57933225e-05 -7.85006551 -7.52304111 -7.19077928 -6.86130719 -6.57075780 
5.33669923e-05 -7.85006551 -7.52304111 -7.19077928 -6.86130719 -6.57075780 
4.32876128e-05 -7.85006551 -7.52304111 -7.19077928 -6.86130719 -6.57075780 
3.51119173e-05 -7.85006551 -7.52304111 -7.19077928 -6.86130719 -6.57075780 
2.84803587e-05 -7.85006551 -7.52304111 -7.19077928 -6.86130719 -6.57075780 
2.31012970e-05 -7.85006551 -7.52304111 -7.19077928 -6.86130719 -6.57075780 
1.87381742e-05 -7.85006551 -7.52304111 -7.19077928 -6.86130719 -6.57075780 
1.51991108e-05 -7.85006551 -7.52304111 -7.19077928 -6.86130719 -6.57075780 
1.23284674e-05 -7.85006551 -7.52304111 -7.19077928 -6.86130719 -6.57075780 
1.00000000e-05 -7.85006551 -7.52304111 -7.19077928 -6.86130719 -6.57075780 
8.11130831e-06 -7.85006551 -7.52304111 -7.19077928 -6.86130719 -6.57075780 
6.57933225e-06 -7.85006551 -7.52304111 -7.19077928 -6.86130719 -6.57075780 
5.33669923e-06 -7.85006551 -7.52304111 -7.19077928 -6.86130719 -6.57075780 
4.32876128e-06 -7.85006551 -7.52304111 -7.19077928 -6.86130719 -6.57075780 
3.51119173e-06 -7.85006551 -7.52304111 -7.19077928 -6.86130719 -6.57075780 
2.84803587e-06 -7.85006551 -7.52304111 -7.19077928 -6.86130719 -6.57075780 
2.31012970e-06 -7.85006551 -7.52304111 -7.19077928 -6.86130719 -6.57075780 
1.87381742e-06 -7.85006551 -7.52304111 -7.19077928 -6.86130719 -6.57075780 
1.51991108e-06 -7.85006551 -7.52304111 -7.19077928 -6.86130719 -6.57075780 
1.23284674e-06 -7.85006551 -7.52304111 -7.19077928 -6.86130719 -6.57075780 
1.00000000e-06 -7.85006551 -7.52304111 -7.19077928 -6.86130719 -6.57075780 
8.11130831e-07 -7.85006551 -7.52304111 -7.19077928 -6.86130719 -6.57075780 
6.57933225e-07 -7.85006551 -7.52304111 -7.19077928 -6.86130719 -6.57075780 
5.33669923e-07 -7.85006551 -7.52304111 -7.19077928 -6.86130719 -6.57075780 
4.32876128e-07 -7.85006551 -7.52304111 -7.19077928 -6.86130719 -6.57075780 
3.51119173e-07 -7.85006551 -7.52304111 -7.19077928 -6.86130719 -6.57075780 
2.84803587e-07 -7.85006551 -7.52304111 -7.19077928 -6.86130719 -6.57075780 
2.31012970e-07 -7.85006551 -7.52304111 -7.19077928 -6.86130719 -6.57075780 
1.87381742e-07 -7.85006551 -7.52304111 -7.19077928 -6.86130719 -6.57075780 
1.51991108e-07 -7.85006551 -7.52304111 -7.19077928 -6.86130719 -6.57075780 
1.23284674e-07 -7.85006551 -7.52304111 -7.19077928 -6.86130719 -6.57075780 
1.00000000e-07 -7.85006551 -7.52304111 -7.19077928 -6.86130719 -6.57075780 
P (bar) | log_H2O: -2σ | log_H2O: -1σ | log_H2O: median | log_H2O: +1σ | log_H2O: +2σ 
1.00000000e+02 -4.27624828 -4.13154499 -3.98290204 -3.78596714 -3.56010781 
8.11130831e+01 -4.27624828 -4.13154499 -3.98290204 -3.78596714 -3.56010781 
6.57933225e+01 -4.27624828 -4.13154499 -3.98290204 -3.78596714 -3.56010781 
5.33669923e+01 -4.27624828 -4.13154499 -3.98290204 -3.78596714 -3.56010781 
4.32876128e+01 -4.27624828 -4.13154499 -3.98290204 -3.78596714 -3.56010781 
3.51119173e+01 -4.27624828 -4.13154499 -3.98290204 -3.78596714 -3.56010781 
2.84803587e+01 -4.27624828 -4.13154499 -3.98290204 -3.78596714 -3.56010781 
2.31012970e+01 -4.27624828 -4.13154499 -3.98290204 -3.78596714 -3.56010781 
1.87381742e+01 -4.27624828 -4.13154499 -3.98290204 -3.78596714 -3.56010781 
1.51991108e+01 -4.27624828 -4.13154499 -3.98290204 -3.78596714 -3.56010781 
1.23284674e+01 -4.27624828 -4.13154499 -3.98290204 -3.78596714 -3.56010781 
1.00000000e+01 -4.27624828 -4.13154499 -3.98290204 -3.78596714 -3.56010781 
8.11130831e+00 -4.27624828 -4.13154499 -3.98290204 -3.78596714 -3.56010781 
6.57933225e+00 -4.27624828 -4.13154499 -3.98290204 -3.78596714 -3.56010781 
5.33669923e+00 -4.27624828 -4.13154499 -3.98290204 -3.78596714 -3.56010781 
4.32876128e+00 -4.27624828 -4.13154499 -3.98290204 -3.78596714 -3.56010781 
3.51119173e+00 -4.27624828 -4.13154499 -3.98290204 -3.78596714 -3.56010781 
2.84803587e+00 -4.27624828 -4.13154499 -3.98290204 -3.78596714 -3.56010781 
2.31012970e+00 -4.27624828 -4.13154499 -3.98290204 -3.78596714 -3.56010781 
1.87381742e+00 -4.27624828 -4.13154499 -3.98290204 -3.78596714 -3.56010781 
1.51991108e+00 -4.27624828 -4.13154499 -3.98290204 -3.78596714 -3.56010781 
1.23284674e+00 -4.27624828 -4.13154499 -3.98290204 -3.78596714 -3.56010781 
1.00000000e+00 -4.27624828 -4.13154499 -3.98290204 -3.78596714 -3.56010781 
8.11130831e-01 -4.27624828 -4.13154499 -3.98290204 -3.78596714 -3.56010781 
6.57933225e-01 -4.27624828 -4.13154499 -3.98290204 -3.78596714 -3.56010781 
5.33669923e-01 -4.27624828 -4.13154499 -3.98290204 -3.78596714 -3.56010781 
4.32876128e-01 -4.27624828 -4.13154499 -3.98290204 -3.78596714 -3.56010781 
3.51119173e-01 -4.27624828 -4.13154499 -3.98290204 -3.78596714 -3.56010781 
2.84803587e-01 -4.27624828 -4.13154499 -3.98290204 -3.78596714 -3.56010781 
2.31012970e-01 -4.27624828 -4.13154499 -3.98290204 -3.78596714 -3.56010781 
1.87381742e-01 -4.27624828 -4.13154499 -3.98290204 -3.78596714 -3.56010781 
1.51991108e-01 -4.27624828 -4.13154499 -3.98290204 -3.78596714 -3.56010781 
1.23284674e-01 -4.27624828 -4.13154499 -3.98290204 -3.78596714 -3.56010781 
1.00000000e-01 -4.27624828 -4.13154499 -3.98290204 -3.78596714 -3.56010781 
8.11130831e-02 -4.27624828 -4.13154499 -3.98290204 -3.78596714 -3.56010781 
6.57933225e-02 -4.27624828 -4.13154499 -3.98290204 -3.78596714 -3.56010781 
5.33669923e-02 -4.27624828 -4.13154499 -3.98290204 -3.78596714 -3.56010781 
4.32876128e-02 -4.27624828 -4.13154499 -3.98290204 -3.78596714 -3.56010781 
3.51119173e-02 -4.27624828 -4.13154499 -3.98290204 -3.78596714 -3.56010781 
2.84803587e-02 -4.27624828 -4.13154499 -3.98290204 -3.78596714 -3.56010781 
2.31012970e-02 -4.27624828 -4.13154499 -3.98290204 -3.78596714 -3.56010781 
1.87381742e-02 -4.27624828 -4.13154499 -3.98290204 -3.78596714 -3.56010781 
1.51991108e-02 -4.27624828 -4.13154499 -3.98290204 -3.78596714 -3.56010781 
1.23284674e-02 -4.27624828 -4.13154499 -3.98290204 -3.78596714 -3.56010781 
1.00000000e-02 -4.27624828 -4.13154499 -3.98290204 -3.78596714 -3.56010781 
8.11130831e-03 -4.27624828 -4.13154499 -3.98290204 -3.78596714 -3.56010781 
6.57933225e-03 -4.27624828 -4.13154499 -3.98290204 -3.78596714 -3.56010781 
5.33669923e-03 -4.27624828 -4.13154499 -3.98290204 -3.78596714 -3.56010781 
4.32876128e-03 -4.27624828 -4.13154499 -3.98290204 -3.78596714 -3.56010781 
3.51119173e-03 -4.27624828 -4.13154499 -3.98290204 -3.78596714 -3.56010781 
2.84803587e-03 -4.27624828 -4.13154499 -3.98290204 -3.78596714 -3.56010781 
2.31012970e-03 -4.27624828 -4.13154499 -3.98290204 -3.78596714 -3.56010781 
1.87381742e-03 -4.27624828 -4.13154499 -3.98290204 -3.78596714 -3.56010781 
1.51991108e-03 -4.27624828 -4.13154499 -3.98290204 -3.78596714 -3.56010781 
1.23284674e-03 -4.27624828 -4.13154499 -3.98290204 -3.78596714 -3.56010781 
1.00000000e-03 -4.27624828 -4.13154499 -3.98290204 -3.78596714 -3.56010781 
8.11130831e-04 -4.27624828 -4.13154499 -3.98290204 -3.78596714 -3.56010781 
6.57933225e-04 -4.27624828 -4.13154499 -3.98290204 -3.78596714 -3.56010781 
5.33669923e-04 -4.27624828 -4.13154499 -3.98290204 -3.78596714 -3.56010781 
4.32876128e-04 -4.27624828 -4.13154499 -3.98290204 -3.78596714 -3.56010781 
3.51119173e-04 -4.27624828 -4.13154499 -3.98290204 -3.78596714 -3.56010781 
2.84803587e-04 -4.27624828 -4.13154499 -3.98290204 -3.78596714 -3.56010781 
2.31012970e-04 -4.27624828 -4.13154499 -3.98290204 -3.78596714 -3.56010781 
1.87381742e-04 -4.27624828 -4.13154499 -3.98290204 -3.78596714 -3.56010781 
1.51991108e-04 -4.27624828 -4.13154499 -3.98290204 -3.78596714 -3.56010781 
1.23284674e-04 -4.27624828 -4.13154499 -3.98290204 -3.78596714 -3.56010781 
1.00000000e-04 -4.27624828 -4.13154499 -3.98290204 -3.78596714 -3.56010781 
8.11130831e-05 -4.27624828 -4.13154499 -3.98290204 -3.78596714 -3.56010781 
6.57933225e-05 -4.27624828 -4.13154499 -3.98290204 -3.78596714 -3.56010781 
5.33669923e-05 -4.27624828 -4.13154499 -3.98290204 -3.78596714 -3.56010781 
4.32876128e-05 -4.27624828 -4.13154499 -3.98290204 -3.78596714 -3.56010781 
3.51119173e-05 -4.27624828 -4.13154499 -3.98290204 -3.78596714 -3.56010781 
2.84803587e-05 -4.27624828 -4.13154499 -3.98290204 -3.78596714 -3.56010781 
2.31012970e-05 -4.27624828 -4.13154499 -3.98290204 -3.78596714 -3.56010781 
1.87381742e-05 -4.27624828 -4.13154499 -3.98290204 -3.78596714 -3.56010781 
1.51991108e-05 -4.27624828 -4.13154499 -3.98290204 -3.78596714 -3.56010781 
1.23284674e-05 -4.27624828 -4.13154499 -3.98290204 -3.78596714 -3.56010781 
1.00000000e-05 -4.27624828 -4.13154499 -3.98290204 -3.78596714 -3.56010781 
8.11130831e-06 -4.27624828 -4.13154499 -3.98290204 -3.78596714 -3.56010781 
6.57933225e-06 -4.27624828 -4.13154499 -3.98290204 -3.78596714 -3.56010781 
5.33669923e-06 -4.27624828 -4.13154499 -3.98290204 -3.78596714 -3.56010781 
4.32876128e-06 -4.27624828 -4.13154499 -3.98290204 -3.78596714 -3.56010781 
3.51119173e-06 -4.27624828 -4.13154499 -3.98290204 -3.78596714 -3.56010781 
2.84803587e-06 -4.27624828 -4.13154499 -3.98290204 -3.78596714 -3.56010781 
2.31012970e-06 -4.27624828 -4.13154499 -3.98290204 -3.78596714 -3.56010781 
1.87381742e-06 -4.27624828 -4.13154499 -3.98290204 -3.78596714 -3.56010781 
1.51991108e-06 -4.27624828 -4.13154499 -3.98290204 -3.78596714 -3.56010781 
1.23284674e-06 -4.27624828 -4.13154499 -3.98290204 -3.78596714 -3.56010781 
1.00000000e-06 -4.27624828 -4.13154499 -3.98290204 -3.78596714 -3.56010781 
8.11130831e-07 -4.27624828 -4.13154499 -3.98290204 -3.78596714 -3.56010781 
6.57933225e-07 -4.27624828 -4.13154499 -3.98290204 -3.78596714 -3.56010781 
5.33669923e-07 -4.27624828 -4.13154499 -3.98290204 -3.78596714 -3.56010781 
4.32876128e-07 -4.27624828 -4.13154499 -3.98290204 -3.78596714 -3.56010781 
3.51119173e-07 -4.27624828 -4.13154499 -3.98290204 -3.78596714 -3.56010781 
2.84803587e-07 -4.27624828 -4.13154499 -3.98290204 -3.78596714 -3.56010781 
2.31012970e-07 -4.27624828 -4.13154499 -3.98290204 -3.78596714 -3.56010781 
1.87381742e-07 -4.27624828 -4.13154499 -3.98290204 -3.78596714 -3.56010781 
1.51991108e-07 -4.27624828 -4.13154499 -3.98290204 -3.78596714 -3.56010781 
1.23284674e-07 -4.27624828 -4.13154499 -3.98290204 -3.78596714 -3.56010781 
1.00000000e-07 -4.27624828 -4.13154499 -3.98290204 -3.78596714 -3.56010781 
